37.30136575342455
17.70511648732112
38.2615744294316
34.41895589667123
47.255833082339464
4.73392755068014
3.989970237377566
-2.409033920580372
4.626320416690464
6.880885925498416
37.885752545223
-14.161895361986913
5.872793531787194
-2.4308232820517373
4.140735431694341
9.299516988171469
17.10972059496691
-12.29034241818081
2.5368708476988093
-2.9202521985920997
0.2936739782227262
5.407321382041347
10.1603182290384
-12.554373872065435
3.536159634510057
-1.066783295084878
1.313247446991323
5.303405547864727
6.52284287169522
-10.1116631002226
2.241845172432742
-0.8269322158131092
0.2355601603153575
3.473558934893703
4.715171693117428
-9.318953201372864
2.3531513624953737
-0.1758024714193993
0.6203585938377629
3.131180130846403
3.46444229488959
-7.8996166030576465
1.798285989839456
-0.06109664249471969
0.3407041029742956
2.3379146453881807
2.6965695743415092
-7.081106102274954
1.663559044956601
0.12732755106843763
0.46118914585143733
2.025862115963215
2.1216547879603542
-6.177523097046566
1.376386295500677
0.16008687190033755
0.40078597642977887
1.635111528136684
1.7231841733743771
-5.501765924449536



predictedValues [0.23006190790479433, 0.06351537446878797, 0.4212223705351702, 0.40846852664547983, 0.10982048602558458, 0.11952921167981857, 0.2511045638659796, 0.09518437468919787, 0.2060340300169511, 0.02570834828371237, 0.10350744140388533, 0.038848555860265754, 0.21832299087222945, 0.18562710289077242, 0.35198748102053945, 0.16240268992206075, 0.4310615225632884, 0.07188169425861063, 0.09743201322339619, 0.08746861137975036, 0.23149044517384773, 0.3392022816453196, 0.4270293645914706, 0.11148074202272437, 0.06445569063603637, 0.27195974872285744, 0.026048477765936127, 0.1354948809367696, 0.09283922320633918, 0.4664029027717713, 0.20175557202520172, 0.07161179485822021, 0.1204563644075577, 0.12898989018657092, 0.41738795798919415, 0.03685195785595979, 0.09933430894293221, 0.10817166007988256, 0.39532951737606814, 0.2041165259480714, 0.028089666107732992, 0.1081790074252478, 0.24831624717823506, 0.5254575359846567, 0.35535168295663294, 0.2434533243842336, 0.184278620212143, 0.07829778117282382, 0.11080878774955817, 0.0807953961872527, 0.23078716244194195, 0.47090794226365795, 0.29479894954623853, 0.04797719974182766, 0.08743679072598809, 0.08711609449919966, 0.08289006198215788, 0.15061981942342093, 0.14978702621642848, 0.20701867488569445, 0.9583133646653252, 0.9857707761824175, 0.3703463839524755, 0.7980411644020912, 0.8697882225715067, 0.8784209969710276, 0.8119311006007027, 0.7432554629776734, 0.5613281813875549, 0.27452685736146015, 0.7073674918110892, 0.968557575679694, 0.9497208783470091, 0.434780896042136, 0.9525044071610764, 0.9826886541343577, 0.9868137221605495, 0.34743622535539714, 0.6163223324622391, 0.20199476728369792, 0.8876455090791502, 0.854318272397556, 0.911262437476437, 0.9800078806942083, 0.8826047782102641, 0.5720894087075515, 0.5278430503041972, 0.3193203947968149, 0.4373765264192641, 0.6486195878966505, 0.8334766240845016, 0.7302515637519936, 0.9530765723462945, 0.6610231734203157, 0.9440059297141297, 0.9185230408026397, 0.9820901872401108, 0.8219344266512036, 0.9496452926140989, 0.37001948463340734, 0.8447350681982863, 0.833600775010864, 0.5549894256386402, 0.24330668710982042, 0.919962735292285, 0.5140863831315504, 0.44071332140716485, 0.9690679372641997, 0.5587795322541282, 0.7583370508274582, 0.615230823999564, 0.970912930045801, 0.20437037531640426, 0.5079906904546074, 0.9845328594852629, 0.9998918689046429, 0.7508844933171248, 0.9196062920080152, 0.6843489444335306, 0.403782867288542, 0.3530513008982192, 0.9704117876605285, 0.8737464593632859, 0.5924633633361424, 0.5196724797889387, 0.16437746789662347, 0.5853032206815414, 0.8833169403456916, 0.9132998388916902, 0.7125255221223449, 0.11518910979667077, 0.6493928919251246, 0.7246309341066367, 0.9121931880250466, 0.7687729207989755, 0.9147576869067815, 0.9615086339559281, 0.9190741895629906, 0.8267676081601911, 0.9258335228356147, 0.6687212424974287, 0.9905848179648206, 0.956005339452202, 0.7958375806749616, 0.40877530177049004, 0.9171917574405067, 0.9493702490060962, 0.3132876680710994, 0.46193992383945326, 0.598528019648318, 0.7096723633136475, 0.3845181062105248, 0.4642039580063915, 0.5131401306061983, 0.09681699905662093, 0.44037594252049367, 0.9111290185799834, 0.16759848640528976, 0.31596338110368016, 0.48105938028726614, 0.9641966015085719, 0.4324922880035366, 0.963015157894902, 0.9916479338398344, 0.35720060405888077, 0.9550060031378458, 0.3947831939683968, 0.2627922793171795, 0.9461112813970848, 0.07868429519798842, 0.5259760907026624, 0.762857720431073, 0.17716906351767187, 0.10301390782376547, 0.30491099506396163, 0.3137854570950661, 0.5448798761650844, 0.6813989049240178, 0.888221992568794, 0.8791249718170663, 0.30128061628097685, 0.4162064202711853, 0.891215407025417, 0.9311253054839486, 0.9462691587555477, 0.9643889302636094, 0.7944323695778145, 0.43344382242039, 0.964418062187651, 0.9359572011050664, 0.10419444295293785, 0.8626319380892439, 0.9793275743733121, 0.786438630374831, 0.7621701904608095, 0.7888638335759539, 0.45534418434173446, 0.9811611379303703, 0.7580573967701859, 0.7833378671491867, 0.7750907353782703, 0.9751391169023543, 0.981163240369705, 0.5791265081821707, 0.24261704852516275, 0.9739363271086546, 0.9377478915516622, 0.9266754927818931, 0.9758037418589969, 0.10782070550046412, 0.1382568259759685, 0.3958376803684894, 0.22997535226316534, 0.2897884689334169, 0.21594029597012498, 0.12478500458910669, 0.1508890431474542, 0.1931489009153671, 0.2678903814939282, 0.3904131904700596, 0.10938038228368323, 0.3675559464603234, 0.47596164946488956, 0.5801675143864313, 0.8853041849014801, 0.4607353454297228, 0.7539319554887498, 0.45712360561379173, 0.08272328154582442, 0.2063521772526792, 0.6193059378282214, 0.2404729802279842, 0.18484638339151593, 0.1672366728050281, 0.19559527149742933, 0.31617345091467525, 0.5340189532293184, 0.617409789636034, 0.6651802657079914, 0.4788694002247964, 0.09115111796173755, 0.2745305056027857, 0.10673707228811136, 0.09209212836756409, 0.4671164057817025, 0.2724244078441618, 0.18701338011572946, 0.16980648287880323, 0.15582340062802383, 0.23130179901141318, 0.11166789558166361, 0.24282514932893, 0.16949503807433297, 0.6183190074667378, 0.6148203523793019, 0.681708685228077, 0.33836295618838763, 0.23354440266073026, 0.14147342864762932, 0.42721661059380084, 0.2779169454366262, 0.5368866382837285, 0.1291855231003458, 0.06467816874244396, 0.20776025287218156, 0.2894000261309136, 0.17610946760725352, 0.28713222976133296, 0.27849807456257697, 0.08863442681014766, 0.33715508414370643, 0.16136747032266752, 0.09145126822766408, 0.10578666669342478, 0.11789490962561434, 0.6956753204559356, 0.2650675445680641, 0.5237804610018574, 0.072795162692702, 0.4451364633765389, 0.18106502055702267, 0.3994078864042733, 0.21760042121656678, 0.2931004387000689, 0.35598254777216465, 0.49526198711870933, 0.4273692179192259, 0.043374825766313706, 0.5598538934936628, 0.17485383949153566, 0.07128142376421953, 0.1873035254833986, 0.07305346649945303, 0.44288194837995876, 0.18043222829751707, 0.25712793316300975, 0.1502869515836054, 0.136565921080655, 0.4852946349688733, 0.7741490087772064]
predictedValues [0.42430065630794045, 0.2654333910511721, 0.45997165250605554, 0.5074761228089648, 0.31501987242561214, 0.28689426088062997, 0.37276980518719677, 0.26204616959064597, 0.3499170940988635, 0.23711919341078058, 0.2941251965498593, 0.2487941746677121, 0.3822681181490428, 0.3880102604463102, 0.4442581867050822, 0.3170601193039548, 0.4458545436653669, 0.22416950833442723, 0.28150176971742624, 0.27786081901715187, 0.3325513291052425, 0.4045798543802224, 0.5080940391668233, 0.2876029984025626, 0.29369757891754983, 0.41394753637211346, 0.18689695246938173, 0.3501254689549265, 0.3344633520435992, 0.4715598512731062, 0.37656391353388774, 0.3050100588783189, 0.3278379325436033, 0.29498432345953485, 0.48286846019237417, 0.22882315658324745, 0.2525544579970963, 0.28379707428972006, 0.4568262390529664, 0.36762559312756676, 0.2275205019667088, 0.2859857902286908, 0.3831278491730678, 0.4809463356823316, 0.39728081056472186, 0.3853740336151596, 0.37931746447556325, 0.2859687538252322, 0.3038259540883221, 0.29767062819854095, 0.3894829867320418, 0.5766395982809052, 0.4283102758241731, 0.26650588077415904, 0.28085614242238227, 0.3256148288634871, 0.2768712985113824, 0.32945615686560786, 0.32146795430559333, 0.34986018315572504, 0.7537464007862302, 0.864217320855865, 0.3960440139261046, 0.6136776875203986, 0.5946539630593053, 0.725548462892476, 0.6176219591985638, 0.7009275770918133, 0.47764732789741904, 0.3921591588287364, 0.5686332671238647, 0.8463943715161517, 0.8033341100087883, 0.49889366000349034, 0.7243885974973996, 0.9012683917524914, 0.8830053129561367, 0.5036243048244944, 0.5565474239926608, 0.3746145040301756, 0.7667478675480778, 0.7159283235310653, 0.7376816547596682, 0.7714234103915029, 0.7542909022034863, 0.3808399550620458, 0.49273979969988263, 0.41202155892451436, 0.45490809382179603, 0.5684765064314328, 0.6669842036688571, 0.591459201922052, 0.7588325661807767, 0.5817627526518622, 0.7284384295564448, 0.8532846613479804, 0.8023502223239796, 0.635030599115981, 0.7496247218558078, 0.4612456657707382, 0.6790029592699385, 0.6418193240653037, 0.5248289746682336, 0.3843184968628821, 0.8053429608477926, 0.5078853406016618, 0.5435270275377511, 0.8099278090355004, 0.512049160905149, 0.5794250439039214, 0.5501894967828249, 0.8093657754058319, 0.3171495685003474, 0.6038872542444468, 0.8513045339201073, 0.996833907201125, 0.61963308371644, 0.7872913100894573, 0.5226835187972892, 0.4864957312792413, 0.4642527796780636, 0.8053398448829046, 0.8118202665805961, 0.5679541849568668, 0.5411477956146759, 0.39264472096346015, 0.5719866036612866, 0.6921477423055428, 0.7745534115577891, 0.6015103027756168, 0.36624976001589304, 0.5041411165062, 0.6385882879209299, 0.7117155675701136, 0.5894277065302447, 0.7974815843375817, 0.8188501781329509, 0.7664945305573344, 0.7025085770607261, 0.7088233460903045, 0.5651602711390337, 0.9194986299703568, 0.7586671984670131, 0.7431500433441275, 0.49122245631733, 0.7881264413375396, 0.7993512084409561, 0.3803629899564401, 0.5100226026505388, 0.6177022113971334, 0.6478436380848626, 0.40684668519559025, 0.49812834793289956, 0.4976797655213947, 0.33194216883814776, 0.568250722859681, 0.7445622776333984, 0.3734039467458036, 0.4553526456722922, 0.5405528500096399, 0.8143918433360493, 0.5100214978806568, 0.8795707858259838, 0.9024809561624162, 0.4080908566827276, 0.7617281201107353, 0.4585820727097119, 0.4902967769485416, 0.7985751059054098, 0.30490149736735966, 0.4958893710342567, 0.5563856974581456, 0.41555366818766615, 0.3845537934709385, 0.4983441734947658, 0.49605902543310965, 0.5401071290568497, 0.6490079770671423, 0.7140599782836916, 0.7768083239140381, 0.32736607589423894, 0.5278827673367814, 0.7516600635520151, 0.7867933797498375, 0.6991746479636453, 0.7734144773906827, 0.6964138776326005, 0.4509767852281731, 0.8199997416502225, 0.7734433888676889, 0.4053014115555832, 0.7870342530318369, 0.8700277813000429, 0.5616005536242004, 0.5805829987862605, 0.5675902283405572, 0.5804230222079588, 0.8755310009501205, 0.5792751940041143, 0.5901994610032413, 0.5850479717240865, 0.8196434242161831, 0.8772721085679426, 0.5260406316106784, 0.4391427087595808, 0.857866249203717, 0.8640081241897348, 0.7308553464334011, 0.8060741410045498, 0.4020267963574123, 0.31983937537236107, 0.4075614056632036, 0.31712305668200186, 0.3586374312728511, 0.3031960719184348, 0.25728751157796076, 0.29195636707865225, 0.2911654455500719, 0.35265154977797086, 0.481064264342022, 0.33356754679634765, 0.3399192785746418, 0.48166134495113305, 0.49427880920796247, 0.6382831729619743, 0.3827241200755146, 0.4737327517246798, 0.4484247362686089, 0.2583650920676747, 0.28710908939656765, 0.47675175079629084, 0.35990132277964243, 0.3140875089277786, 0.2685105931896571, 0.3106976864094525, 0.3923226687293475, 0.4273247710753419, 0.4378801991380315, 0.47686753188526937, 0.4001161061843631, 0.2597554700459072, 0.3750638726923078, 0.2447276908903405, 0.24522089587370688, 0.4984233335558522, 0.33322334196713144, 0.3550483860921609, 0.3373447849104933, 0.29976742628970643, 0.3722940342475506, 0.2179041823461137, 0.27021934014246896, 0.24140690827101546, 0.5112286478497581, 0.49868987104502915, 0.5245875937693455, 0.3726125911932097, 0.252067214852502, 0.2828190161445575, 0.4226084434429925, 0.35038223077561464, 0.4722350367452912, 0.29372612981728596, 0.21528533172978018, 0.31715676953728195, 0.3296654255276551, 0.3074989260444936, 0.34380422061347077, 0.39490444596290397, 0.29462611019784674, 0.33976571675655454, 0.34083844919001133, 0.2641693948524246, 0.2324270935409186, 0.282553853537901, 0.46734166446975106, 0.34095621428236056, 0.4070772797133387, 0.2128520310745835, 0.40647061100766324, 0.33440687564973065, 0.42256445079619787, 0.3566565490734709, 0.34944009000689114, 0.39232341970639023, 0.44738877345173517, 0.42304181275059183, 0.2119102896233673, 0.4790290539731972, 0.29977680874700435, 0.25965390584992104, 0.353145536403088, 0.22128596731897698, 0.37702626637305015, 0.29020696018738507, 0.31076916028532103, 0.29222983446361805, 0.33795539648433615, 0.4403111945305487, 0.6082184759780321]
predictedValues [0.5458844555824636, 0.30245811362610453, 0.5094759842152461, 0.6056677677391333, 0.3785809473808723, 0.2373252964690454, 0.35430412780525405, 0.26066171405897004, 0.31931366334819433, 0.4477421750668687, 0.34324242473849487, 0.27713076172803747, 0.38693011566184377, 0.4460899647310069, 0.45292167108376696, 0.2881498415705806, 0.45638518107643256, 0.18413079200060575, 0.26879181891938125, 0.2947904668445852, 0.24760897140484162, 0.3553990947267068, 0.5842552992588064, 0.28903295888151026, 0.34287657404936017, 0.4040498599753021, 0.17949789130914906, 0.42214003710951975, 0.4074337063299313, 0.478708640282606, 0.4191919300107572, 0.43625282392999193, 0.3479716780105739, 0.26789679338445604, 0.4804256293322903, 0.27375661115727173, 0.19791994505065919, 0.212522884406101, 0.42823204732565556, 0.37975464042159307, 0.3107488532449714, 0.29953714543889187, 0.36432267103665544, 0.4396944153300238, 0.39630858799912966, 0.3913682251844972, 0.40318594569428606, 0.3281141531403852, 0.30330944522386105, 0.3216617398077466, 0.40677058743211963, 0.6553991164557217, 0.387652611111898, 0.3323233985974943, 0.29968850255409957, 0.46235498522010215, 0.31303737239862695, 0.34487985466640214, 0.2949229943934759, 0.3198647187761632, 0.6080319406152735, 0.8279002579572032, 0.3027439935601562, 0.6029696193712715, 0.49709968269806387, 0.7368183185768779, 0.5847587114558126, 0.817880266091309, 0.4607136966068852, 0.47352234085263056, 0.5414232796295897, 0.8066269589732205, 0.781650841680114, 0.4907979814683864, 0.5919845824555374, 0.8630437156851161, 0.8355877376189021, 0.6429967681029264, 0.5908612882981936, 0.3922969877488495, 0.8091646699673388, 0.7207483351491056, 0.7118824142173655, 0.5583419253827129, 0.7468353727431702, 0.15197649469626098, 0.47505193316815614, 0.3578552472485523, 0.39848540616948347, 0.5518155708536367, 0.6695242626741191, 0.5871582829937296, 0.7103997249642814, 0.6143191324709905, 0.7033126637024781, 0.846418624100321, 0.7522574820507152, 0.6573761176922239, 0.707212314955712, 0.4841028115567568, 0.7117082783507622, 0.6339601497121634, 0.5998981617401148, 0.42881993808574004, 0.8301985984193928, 0.5090867446255168, 0.6914524826314093, 0.7264743163158273, 0.5445309054976842, 0.52562915375932, 0.5697255597596107, 0.7659637963358039, 0.3379268755410769, 0.7443314152263497, 0.7708284408842669, 0.9990241795647297, 0.6375841593954303, 0.7856304185944107, 0.3898431421313525, 0.5262325259281256, 0.48528785683567854, 0.7699887449690783, 0.8696828251601527, 0.6265378721240386, 0.6040452162106519, 0.5521842249988853, 0.656969473543573, 0.6849357017130197, 0.8383406337959016, 0.6310574164078853, 0.5066272549272224, 0.45989727506459716, 0.6591542397277979, 0.6858165377468372, 0.47969214387522785, 0.8442652339898687, 0.824001138988605, 0.7976506820129164, 0.7630518614638115, 0.7158861043020983, 0.6210295453286777, 0.906568521649793, 0.7627764470308142, 0.7959866496384705, 0.5746317984539756, 0.84123888175791, 0.8125031178455536, 0.40706896897001793, 0.5920061214241643, 0.7302912076400897, 0.7654150959284176, 0.35775929667016565, 0.5348658611435503, 0.5024528177674825, 0.44772478211426053, 0.7704574787790257, 0.742660000831529, 0.4542901167264642, 0.5589051499452026, 0.6770490993538005, 0.8162938126945901, 0.6309102679336792, 0.9496799000021529, 0.9224725010980281, 0.3644293528443606, 0.7088701923252481, 0.5065056174686066, 0.7576670019693149, 0.8794696649065605, 0.43766594162436595, 0.5173875266859101, 0.5779460554368201, 0.5836245007336867, 0.6480404612451838, 0.6144298573562934, 0.6399109308714049, 0.6353254888112051, 0.7890213689624302, 0.6985742284582511, 0.7833494354229635, 0.15574314401119718, 0.6941369482777336, 0.8059339718665974, 0.7758604017346208, 0.6090104084688792, 0.7464301672016233, 0.8186075008809728, 0.48834413763262347, 0.8110929168085783, 0.7768094696576762, 0.6379054219656911, 0.8751983835463413, 0.8076673822654197, 0.5104808524335793, 0.5557882826767868, 0.5645209565094731, 0.7561751836888061, 0.8537639902603693, 0.5637834789264685, 0.5529535345708805, 0.4922772588230264, 0.7137275865884901, 0.8580274032771331, 0.6132025265016182, 0.5570550450021728, 0.851648709148392, 0.9292959227817443, 0.6731011729463964, 0.7752976970905613, 0.5934156194441703, 0.2885266909274502, 0.3448492164690334, 0.24898204132960697, 0.2886507836964305, 0.22899199594990927, 0.16312708135831097, 0.27722847567805725, 0.21687820150808407, 0.28175484794143035, 0.5508849209506688, 0.382613496301155, 0.2544912131000463, 0.49002620076785225, 0.540364775583518, 0.6666505844760193, 0.2992190151459275, 0.2806579497311287, 0.4234559746179497, 0.2406746633365872, 0.1874243993380095, 0.3988790595169742, 0.34938985490432295, 0.25896700693481467, 0.1709302848769676, 0.2277321021951695, 0.39566192362280994, 0.36119917379854605, 0.30501911332592246, 0.3762453774931687, 0.2587814973761652, 0.26479803590222506, 0.32461015343935884, 0.18406223387193274, 0.2181640880154901, 0.5174208049419661, 0.27435599094427016, 0.3570207513469071, 0.3232678051552727, 0.27884930689380705, 0.3513586658027784, 0.14053226028471805, 0.15914643768226644, 0.1937661005320742, 0.4776524658506642, 0.4959077083202876, 0.460467259062331, 0.3219630002511208, 0.15876783227962424, 0.2334417985834525, 0.3977251968518337, 0.3069093533313761, 0.501675519856314, 0.24722810661806385, 0.1767561589194182, 0.3235787456173138, 0.2258501357984422, 0.28108777365455534, 0.2928753763869317, 0.41194776450919135, 0.2859446644102896, 0.2635881942177573, 0.3407403483310245, 0.2682788415670398, 0.1856222189173055, 0.25781398318471055, 0.3043715088500391, 0.25927231838945375, 0.29662595832900274, 0.19539752480092762, 0.2781542426269797, 0.32629551866917333, 0.4126835533902527, 0.3718169140904022, 0.28681907604470064, 0.3521235742735126, 0.4044847513540617, 0.3805529691093913, 0.21403036603548464, 0.5084056195280998, 0.22913737524257652, 0.24014213938568363, 0.3685113500572563, 0.18397338117434042, 0.2521936883148829, 0.22841454826792632, 0.22956739731412554, 0.22783774688976913, 0.3617099116284814, 0.3502963973962207, 0.6162269384565591]
predictedValues [0.5961799195516974, 0.34241505182074666, 0.5132890859063206, 0.6400595744298088, 0.4151594157940238, 0.23652604159024862, 0.3515722532224968, 0.26641130514287964, 0.3237760021406034, 0.570956377409064, 0.3708822968055908, 0.3344703284963683, 0.40810240220746885, 0.48700809356869507, 0.4656290714739633, 0.28940473500712793, 0.4485148271738262, 0.18300799626601058, 0.2854255144318553, 0.31988401851139925, 0.22820012644484983, 0.34156526746132154, 0.6186367613226652, 0.30067281721598127, 0.40897160950724804, 0.4185371780805997, 0.20453513888536415, 0.47844812220173477, 0.47376239751775334, 0.471537736748265, 0.4490578770503218, 0.5126512732355121, 0.38103786211556295, 0.2759936790401343, 0.4941633373762418, 0.3258848257769457, 0.19473723723846492, 0.21309742482416166, 0.4319861689509425, 0.395872059912825, 0.38433264276584556, 0.3124488838426331, 0.36632652510575814, 0.41516213746316794, 0.3882413867699247, 0.4084626035224523, 0.4383556198143179, 0.37188093942378486, 0.32852388978207286, 0.3622758508583391, 0.42390698277337735, 0.6969575860035846, 0.40042506084582846, 0.4058773355977366, 0.3296557387880955, 0.5398376951761248, 0.342256989455881, 0.36555078889933235, 0.30540936870512747, 0.31976048943588825, 0.5346595065492824, 0.802149011171859, 0.2782973554178924, 0.5715963451959942, 0.4179438933445117, 0.7355291210213438, 0.5438824838383526, 0.8526305636459927, 0.4259540561530417, 0.4888359672105801, 0.5102115857492804, 0.7912766427577835, 0.7690022922560712, 0.5050605108399385, 0.5149970449076532, 0.8705565650135706, 0.8156833340045585, 0.6982908902536324, 0.5948999005228682, 0.4157608291248322, 0.827921388361185, 0.722283680116471, 0.6822189204416453, 0.4312191113864073, 0.7563340524615765, 0.09813804274957338, 0.46526798102411365, 0.3548862038490058, 0.3808993142689555, 0.5378649160645006, 0.6526361254282372, 0.5707869943589403, 0.6588550178645391, 0.6305198750980047, 0.6423313264965917, 0.8798278809923499, 0.680632901638385, 0.64276754136049, 0.6688873105676519, 0.4970824181897705, 0.7038265904952004, 0.601800034032311, 0.6080409452503912, 0.4509588733738594, 0.8465598979567319, 0.5095227158260218, 0.7399845514299369, 0.6868793274711438, 0.5414212716071862, 0.48550083610508443, 0.5702504880077444, 0.7320846194659042, 0.3407586457058282, 0.7940579974261702, 0.7309225647671395, 0.9994707016663977, 0.6310688335978615, 0.7863165025364522, 0.33281411822644935, 0.5455830542554309, 0.5053201192544566, 0.7367296516487732, 0.9006362852777988, 0.6430296159082262, 0.6128073673055913, 0.6276643281406508, 0.6815597100616924, 0.6576740858677754, 0.8478948254482541, 0.6214825549877446, 0.5821316962244398, 0.414098749547128, 0.6686161635689523, 0.6497556770890879, 0.4478263092659687, 0.8646153127870153, 0.8198469755008945, 0.8025135970530515, 0.7838429841818441, 0.6823127921689944, 0.6233454942040927, 0.9092601520553071, 0.7325480688831119, 0.8351371686010979, 0.6074264656867235, 0.8579207729186722, 0.8089959037438328, 0.3989850144304883, 0.6134680501393224, 0.7623705583114245, 0.7907798741473586, 0.33939311265002536, 0.5445624317230986, 0.5049702439168162, 0.5220485026206427, 0.828394280961777, 0.7335620027996534, 0.5045614704639433, 0.5963690490659209, 0.720582892671659, 0.8030602267685559, 0.6630942129406091, 0.959520936321058, 0.9154126788836576, 0.3464881338810229, 0.6595855326890185, 0.5212495942129084, 0.8253099189253345, 0.8874750478095397, 0.508948684818546, 0.5123750125439752, 0.5391579459048177, 0.6565242262085333, 0.7513670750836206, 0.6741453484887285, 0.7018114582727496, 0.6590911544191406, 0.8210479059315192, 0.6792018671123514, 0.8116900382983754, 0.11846985562773062, 0.7479503939580942, 0.8248034813973044, 0.7836597001937478, 0.5284118684798216, 0.6993494126298131, 0.8452570712302918, 0.48671522642168225, 0.8025704526974204, 0.7689941929131588, 0.7481829255184868, 0.9026843512376378, 0.7954414451692328, 0.4556006883098291, 0.5208572626670441, 0.5219858783970576, 0.8141458054789296, 0.866617237952812, 0.5264403360732961, 0.5085252323515019, 0.4490573992883665, 0.6758886220843723, 0.8616771798341784, 0.6161762623990206, 0.6128106716944572, 0.8538225362888738, 0.948089634472018, 0.6358881816515323, 0.7339998812138846, 0.695771945058132, 0.30370705650529406, 0.3202501373474413, 0.2275154508969609, 0.2688549822100539, 0.20423125977342743, 0.14943689913242414, 0.2674066411024351, 0.1976960835762162, 0.25880817802088046, 0.5796989255360044, 0.43434026242992824, 0.20851134196118076, 0.49390128378484843, 0.5308553162524114, 0.6218599130488427, 0.2475664527669311, 0.19864765116545235, 0.4053419131887202, 0.2503646889477652, 0.15814615887839686, 0.35104358597606594, 0.34469132693727905, 0.24953639002673783, 0.1451575941317507, 0.21226801320139133, 0.38421954498640193, 0.3143414497596295, 0.23960251538837818, 0.3091610755976646, 0.20757558613203084, 0.27636734098455984, 0.3111433162384412, 0.16949110723331187, 0.2206134292737698, 0.5289079754538847, 0.2507505624337363, 0.3748381700410884, 0.32971334188290263, 0.2733301564141952, 0.3564041750162863, 0.11764758389504534, 0.12336657005899707, 0.165006046999605, 0.45329373299175957, 0.46373424503249727, 0.41402500891394206, 0.29410998191154586, 0.1169580193195223, 0.22552331532501993, 0.37166886292410134, 0.2842815571066145, 0.47593451647943763, 0.2452621116156279, 0.1736441967610691, 0.3126032909044449, 0.1903090837726926, 0.2742612563049713, 0.26599671304352324, 0.4183077314323214, 0.3150556882642709, 0.22645269630259313, 0.3638700591677323, 0.2827984672257058, 0.17262687190109555, 0.2589866665700036, 0.22710291397381505, 0.23095459064476656, 0.23491925330921973, 0.18797252914321655, 0.23981440652923716, 0.3295591621693236, 0.39223520511219145, 0.37830377872249277, 0.26354269798604457, 0.3268455452581941, 0.3667372023549035, 0.3523978596217659, 0.23147251893822546, 0.4827817275355505, 0.2123443488851859, 0.2575427207706438, 0.38341082832022283, 0.17941941556189006, 0.2050652683487084, 0.20743294465595818, 0.1982315648452525, 0.21977315298801658, 0.39515880037507795, 0.3044289049271695, 0.5909993283869491]
predictedValues [0.6146352029327021, 0.34717979142067706, 0.5070795004621951, 0.6561363393766547, 0.4195113664270556, 0.22113126405362957, 0.33770001561439633, 0.25078115234330906, 0.3161655572914713, 0.622030232654061, 0.3673735716153757, 0.3484190470837011, 0.409895127524081, 0.4986426442596152, 0.4659253057475141, 0.2765968205785728, 0.4363522264566729, 0.1686472022925383, 0.27909563641875196, 0.3166318236473208, 0.20695180460161214, 0.32348917489924656, 0.6377965399688491, 0.2896047364953576, 0.4307719883376925, 0.4156949716844277, 0.1993613478317065, 0.5012199227558585, 0.4966822403778745, 0.4597537746730207, 0.4561463690444954, 0.5404625537435712, 0.38476334415921265, 0.2671524172500093, 0.4964755799035833, 0.3372103693340379, 0.1805733076099118, 0.19895902290861764, 0.42760203451877804, 0.39162970580906115, 0.40427429040147655, 0.30224769132351675, 0.35473577082290253, 0.39382516818625646, 0.37537558759877127, 0.40746871896140385, 0.44736397413676726, 0.37920880333879353, 0.3275492436268991, 0.36759621639083057, 0.4209919489746297, 0.7166547331984607, 0.39875763999146935, 0.43445905724235145, 0.32888999750855735, 0.5701240496674664, 0.34125138187659976, 0.3630822309611133, 0.29681649578724867, 0.3071869624444398, 0.5150177361643976, 0.8120373281038142, 0.26058961066786096, 0.5599712278741173, 0.37917934956277094, 0.7458754483835605, 0.5259409611124688, 0.8797608138307754, 0.39865897707565745, 0.4914381167935524, 0.4950038759610218, 0.8040612020558723, 0.7810162936649093, 0.513653611129968, 0.4938694721662361, 0.896948837997718, 0.8296334038637707, 0.7326274465580951, 0.6023896470999227, 0.42029673711195004, 0.852529497602412, 0.7398540309498698, 0.6775825924138439, 0.3833854769862558, 0.776353398077675, 0.0722264067781464, 0.4596117805066962, 0.349643564496019, 0.3658708725046775, 0.5308712600911127, 0.6516019335681819, 0.5682484120409015, 0.6501289835158286, 0.6532868182937196, 0.6207649077396304, 0.9126742288129523, 0.6608443092651213, 0.646765531930275, 0.6703841443891114, 0.5010783755445465, 0.7084901567820089, 0.5924898982962479, 0.6148131052656864, 0.45815327865190114, 0.871167108252427, 0.5064738871369113, 0.7715660527821128, 0.6904692843017483, 0.5444411365545954, 0.46941000445479625, 0.5773153650179825, 0.7364088422495544, 0.3363442063335922, 0.8253719174928404, 0.737612451268638, 0.999791898575801, 0.6392483294908027, 0.8011803400150895, 0.29877633687263705, 0.5552635381362707, 0.5156010031158561, 0.7425798858588009, 0.9239221662485702, 0.6606018636335037, 0.6167468616223473, 0.6674166733848019, 0.7000652930088287, 0.6570379220637653, 0.8651730014452909, 0.6213414168295237, 0.6153667633409927, 0.38611474388389644, 0.6849011281320434, 0.6453414103946078, 0.44442932838997146, 0.8894287903512, 0.835042906337594, 0.8204079762414097, 0.8097254989171039, 0.6793104069480755, 0.632097660746919, 0.9265451814496054, 0.7367406848566899, 0.8702947958843594, 0.6278619879776951, 0.8785409004074243, 0.8250206965983314, 0.3887984633395778, 0.6277335528881555, 0.7835823240556953, 0.8118782461705052, 0.32665944457007956, 0.5498631828916014, 0.5095119969721963, 0.5562517277787042, 0.8620794882306891, 0.7462075671472578, 0.5298309334208621, 0.6192243182056132, 0.7505214685423337, 0.813207134726774, 0.6836183768688923, 0.968617880360567, 0.9235326693141757, 0.3294520892019998, 0.6527707007236339, 0.5303371560661608, 0.8570783317956291, 0.9033870374259859, 0.5377172481228667, 0.5090469174371095, 0.5202112658647869, 0.691072550174317, 0.7991023979127387, 0.7047894582450226, 0.7390331752372276, 0.6779683185504121, 0.8447721273219235, 0.682682468943591, 0.841693305122507, 0.09524791053039068, 0.7806626770101787, 0.8499443157339733, 0.808747155741024, 0.499130972847049, 0.6913070266211139, 0.8688000595687679, 0.4846325938453516, 0.8173409599735822, 0.783162706349873, 0.8015742833285313, 0.9235144302473345, 0.8169105259762146, 0.4311160384281582, 0.5062346842237317, 0.5075305587037463, 0.8497327741280569, 0.89768467681297, 0.5101122104437898, 0.4881147941524478, 0.43274551766657193, 0.6879937174300033, 0.8850560455558563, 0.6201169354162654, 0.6405767673286111, 0.8754099274442448, 0.9623016117094276, 0.6368114365423649, 0.7350174188315741, 0.7440641523422796, 0.2997752319810713, 0.29811555692651676, 0.2054764745988452, 0.24762914436133293, 0.17946601420063435, 0.13175213553601833, 0.2454587722480512, 0.17782803341298062, 0.2339645895206874, 0.5915416686343559, 0.4491640887702256, 0.17569766323683655, 0.49824798298223766, 0.5242606760965511, 0.6028897278052257, 0.2123751985050647, 0.15698405754538422, 0.3882202900352858, 0.2394283820287456, 0.13277945037603398, 0.31936029214302775, 0.3291615921628811, 0.23189970989956246, 0.12142268812857941, 0.19437698510248547, 0.3629977105264395, 0.28254500543814653, 0.2009705249077191, 0.268713205031421, 0.17348885414578574, 0.2655457559414815, 0.2927785666447167, 0.14833031652729203, 0.20773050607513882, 0.5323553258809689, 0.22768723820952083, 0.373551140337779, 0.31782086913405394, 0.2553215609037423, 0.3467844912933716, 0.09623289468895356, 0.09875048670507995, 0.13973244310472369, 0.4394892454655722, 0.4407549647286128, 0.38828461279783505, 0.2690664924022897, 0.08878531187359624, 0.20790208602905444, 0.34717901016407315, 0.2595111003648456, 0.4535643774578615, 0.228870402026791, 0.15698038128897207, 0.29168712436424143, 0.16238192907663798, 0.2568146311706214, 0.24007238973817394, 0.4109588444089896, 0.31614727320834074, 0.19759193479726686, 0.36575228762103007, 0.2751119744721623, 0.1533165083651396, 0.24377949106710944, 0.18379503567612238, 0.20374989080335207, 0.19427833292816094, 0.1676729010287422, 0.2136016524046154, 0.31682950798882814, 0.3705252136801179, 0.3688379082719252, 0.24078188756450683, 0.30168250623886705, 0.3363503234773781, 0.3272663383702959, 0.22334890433785212, 0.4617296438678775, 0.18995531472498883, 0.24990106107219956, 0.37856974508860103, 0.16234402196307005, 0.17582108492200596, 0.18299885724132334, 0.17193248086015286, 0.20213917351254035, 0.4002493380980601, 0.2686083278229556, 0.577858424743036]
predictedValues [0.6239641188556048, 0.3625361057393326, 0.4949379213748011, 0.6616047577447739, 0.428890040829585, 0.2203395804609212, 0.33220833326243526, 0.24617621368307843, 0.31950780041937527, 0.6634704533406726, 0.36940861412602166, 0.37623392888271207, 0.4176991024225563, 0.5111133981331649, 0.46705904392200565, 0.2756375849390473, 0.42309656491553105, 0.16867360092085473, 0.2853637401074176, 0.3236675961198859, 0.199975779632354, 0.3140906810672406, 0.6478005858567341, 0.2889289734761122, 0.46006300022265395, 0.4181869893365781, 0.20974672484688017, 0.524602422839019, 0.5225145551458893, 0.44602055353570685, 0.46577088146219875, 0.5662543376025909, 0.3971804855133542, 0.27056946205103233, 0.4980531682786404, 0.3608651107101808, 0.18112422171052206, 0.20079729750033812, 0.4267313433254319, 0.3930728022790228, 0.43303457890952607, 0.30222157607173455, 0.3514520274654989, 0.37538548580342795, 0.36463954542496, 0.41030391252333465, 0.46103970903298086, 0.3941962224268889, 0.33701208776694075, 0.38344592446060016, 0.42237106892590426, 0.7253937060198076, 0.40511389121533026, 0.4716560563037269, 0.33718862710995995, 0.5960729782216498, 0.34972578287752676, 0.36795390754076335, 0.299399967309925, 0.30546543140924354, 0.4959281209024649, 0.8111912034201982, 0.25655828153697935, 0.5408133649248854, 0.34073876513007584, 0.7429139400581464, 0.5029741058372825, 0.8929311280664105, 0.3719382040846348, 0.49222267601661346, 0.478675471039862, 0.8099994683745666, 0.7833262753988056, 0.5249931296294472, 0.4722116037867821, 0.9147376604147118, 0.8355949657394609, 0.7555439289997952, 0.6028894677238721, 0.4315633043941816, 0.8644305759663651, 0.7492441150164334, 0.6644030376557638, 0.3444658589939292, 0.7860402031317715, 0.06100969526892644, 0.4549105985938609, 0.3565882941762389, 0.3596498334975149, 0.5221526075484982, 0.6401800917446303, 0.5599418036638985, 0.6336965437225182, 0.6677834599199344, 0.5877373975497072, 0.9345575497183027, 0.6269738324321048, 0.6382631289244883, 0.6612091711470691, 0.506595345131604, 0.6988446937397369, 0.5750233857559641, 0.6115019668729027, 0.46763465793802195, 0.8846143807637428, 0.50075926232373, 0.7894041551166546, 0.6880332686591388, 0.5438444117709165, 0.4540297468209739, 0.5798737874898875, 0.729828829426418, 0.3387730954465411, 0.8426390283764355, 0.7364016166145553, 0.9998901466880203, 0.6406166372697181, 0.8058075149613216, 0.2760032820206881, 0.563175840899312, 0.5286293586986173, 0.7374857507037047, 0.9355900807599715, 0.6707828873231211, 0.6148091676946351, 0.6970683945170791, 0.7062637159263866, 0.6473820529706773, 0.8685869400776144, 0.6135321826459462, 0.6439173202284699, 0.3609337738543607, 0.6940327468695561, 0.6318732111094204, 0.4472873384807356, 0.9015365443770993, 0.8366587102992263, 0.8240689742527079, 0.8214672822771713, 0.6605597960250682, 0.6295779629469582, 0.935028666970123, 0.7252824942833882, 0.8929069890239053, 0.640353521661642, 0.8849075814849116, 0.8281067450881381, 0.38289656378565223, 0.6346738649968293, 0.7915721775674964, 0.8177501829208412, 0.323950772792121, 0.5524214458737808, 0.512896980046251, 0.5895424144334723, 0.8784617754408176, 0.7478715793091179, 0.55689403290202, 0.6371293653841344, 0.7659498752096696, 0.8096014155615134, 0.6936253468211623, 0.9705617941144241, 0.9206664039387934, 0.32237317751553696, 0.6375379827475632, 0.5375977805181714, 0.8701658769124978, 0.905003829295879, 0.5655404474205068, 0.5023196194717934, 0.4905259490749164, 0.714187360448138, 0.8281021149326777, 0.7251127108578264, 0.7645750725059064, 0.6849648152873203, 0.8530672101332722, 0.6771705627806357, 0.85924340976022, 0.0879704578351416, 0.7971307444946015, 0.8602060178480279, 0.8219470324188063, 0.4638541110995524, 0.6691481761303999, 0.8767385543352836, 0.4810997208656155, 0.8191873306229697, 0.7848329746281446, 0.8373614217816151, 0.9321221238013289, 0.8324330222877211, 0.40614600664501765, 0.48710364212527074, 0.48651057095748906, 0.86922461456796, 0.9156737686294122, 0.4896788930321331, 0.4652264907342822, 0.4202553886561135, 0.6953466912648252, 0.8973235258078058, 0.612575382875516, 0.6606959749232422, 0.8858988842762925, 0.9679616149526924, 0.6324442179062586, 0.7232466155484946, 0.7793203958404108, 0.3087738860703753, 0.28477607923904075, 0.19639112775788067, 0.23785015920961994, 0.1679765989860579, 0.12854318514015092, 0.2348642969782412, 0.17145845830090614, 0.2219885474670027, 0.5952102996800446, 0.46870853622712616, 0.15585097050937835, 0.5022747637516783, 0.5075796480631687, 0.5649280615305338, 0.1890588901365754, 0.13112393949713805, 0.3742680336221207, 0.24235448890420586, 0.12175252070266765, 0.2931655018519061, 0.3216430117010671, 0.22702710243226956, 0.11208288756351181, 0.19129254830779097, 0.345135591877127, 0.2582034916518736, 0.17569360357828329, 0.23844984040004283, 0.15419135216519683, 0.26533326760430287, 0.286164112469375, 0.14153598223888395, 0.20745076170468632, 0.5319622678083266, 0.21573692645745168, 0.3801135013295516, 0.31621609637058984, 0.2487133767832699, 0.3456063721431624, 0.08799946761678511, 0.08752721275443898, 0.12649070889988637, 0.42536877597874223, 0.41431517547135016, 0.3668567611826731, 0.2542546500143754, 0.07420112127420567, 0.20360949091426894, 0.32732880733965436, 0.24513704725002258, 0.4267237632035608, 0.2265776327594865, 0.1545723230662023, 0.2778129080432388, 0.1490764269914732, 0.2501383614093333, 0.22514205561373962, 0.40674716287820833, 0.3308534948630275, 0.18053780750894047, 0.37634038237370426, 0.27869730911299506, 0.1470593465316152, 0.2414868649137921, 0.1558437271560289, 0.19046721075890488, 0.16754449527019574, 0.16017534352470852, 0.2012356608188655, 0.3134554824385781, 0.35301975272968295, 0.36475576317059666, 0.22906966536733508, 0.28501637961448584, 0.31222315695573993, 0.3089688052803588, 0.23021085939962035, 0.4351510119933951, 0.18152812861645357, 0.25685489363876624, 0.3803869157237534, 0.1592662113446304, 0.16108313183444936, 0.17182874137092113, 0.15899963582456408, 0.19817107227113082, 0.4122779190003159, 0.24451209245373182, 0.5539093938882921]
predictedValues [0.626097936905962, 0.3666665182820545, 0.4825301527839474, 0.6634713624358497, 0.43011817406826897, 0.21430631530734173, 0.3238677488282278, 0.23658903892551011, 0.31804886654862136, 0.6863523902750529, 0.3637541035072426, 0.38695954531706056, 0.4183347643901057, 0.514644825782746, 0.46380099310391515, 0.2701629667458106, 0.4103968966748331, 0.16448479302917796, 0.2836241950218244, 0.32198721355603577, 0.19139038169553382, 0.3030616904496398, 0.6536316473307421, 0.2820314257388025, 0.47212194130287927, 0.41390369340062927, 0.2093372640213106, 0.5366688993455822, 0.5334039559466758, 0.4323369798870496, 0.46864712283150145, 0.5788737686730536, 0.39950724834372137, 0.267787726449508, 0.4943295250519828, 0.37044652863813676, 0.17740683689277814, 0.19601631310814643, 0.42138144249508835, 0.38842002116810054, 0.44410376036213844, 0.29658352411741495, 0.34397507333873456, 0.3585626503717632, 0.35381389329367563, 0.40669445309736163, 0.465044475685856, 0.39707580495385564, 0.33687138734616917, 0.38688408176077754, 0.41784755078044333, 0.7276270740256603, 0.4037101142384799, 0.49177941844781936, 0.3352892688753905, 0.6092609892696178, 0.3498854158399356, 0.3657099150468736, 0.29479414994485953, 0.2996324008612509, 0.4892658120942178, 0.819032357278307, 0.25278290804935166, 0.5296985338084023, 0.3160708313665452, 0.742440829692831, 0.48886163345722217, 0.9045622415930294, 0.3508900570292188, 0.4935212968576908, 0.4688441936053969, 0.8211139641336301, 0.7909845670186332, 0.5326308899975031, 0.46519449704211757, 0.9303749107872188, 0.8475382652410212, 0.7738147718770321, 0.6054426288881751, 0.4366168671408515, 0.8762906462029992, 0.7617985843700916, 0.6595158147962664, 0.3257470236895911, 0.7954317173738604, 0.053343039679155116, 0.4513760588150273, 0.36092530622103897, 0.35349850748552636, 0.5158600958244627, 0.634399152950739, 0.5566040628355782, 0.6320862901726573, 0.6828726485394901, 0.5719808795166017, 0.9499666831256691, 0.6135468642257043, 0.6368637893027879, 0.6636123638046209, 0.5099050515046794, 0.6942979661072531, 0.5668456962310249, 0.6109353146432475, 0.4736748144722838, 0.8977103420628995, 0.4937616893112606, 0.804427197345675, 0.6948776318893821, 0.54731208776024, 0.4465879980791757, 0.5850079884657167, 0.7336286375183078, 0.3411441465542336, 0.8560873703298086, 0.7450313349577683, 0.9999455134803673, 0.6473502754166097, 0.8127270766038219, 0.25878379607550406, 0.5686937364034883, 0.5382988086434941, 0.7435889568063483, 0.94422923527406, 0.682281283664684, 0.614488039107494, 0.717867885673376, 0.7120368368152414, 0.6473520434285833, 0.8748460493600902, 0.6110114650488081, 0.6614949354432952, 0.34365655256144145, 0.7043170162843264, 0.629245937447495, 0.45451653228734956, 0.9130508896556937, 0.8424559756113986, 0.8307334479515989, 0.8337464922909773, 0.6537406567842431, 0.6310659818150616, 0.9439688466812968, 0.7261027738840174, 0.9107672438243172, 0.6502350641655198, 0.891699040198185, 0.835903037164464, 0.3800125281036262, 0.6418949347602164, 0.7984341274068371, 0.8246334546716156, 0.32278541648142756, 0.5549450359258102, 0.516613636009291, 0.610822415593485, 0.8910556888467458, 0.7550026193752827, 0.5767133985152136, 0.6530272892546367, 0.7793426296816186, 0.8125513388600039, 0.7034250473918638, 0.9731148098304108, 0.9228143993651114, 0.3160103616681389, 0.636029241527838, 0.544686915394628, 0.8790105222739921, 0.9100468101077468, 0.5826916390201402, 0.4978904532004952, 0.4719071556497516, 0.7287551831964493, 0.8464902959069351, 0.7374569339081412, 0.7840543372722169, 0.6926638946467965, 0.8613872665495398, 0.678366523266417, 0.8728450541221531, 0.08191481590022323, 0.8100367861649276, 0.8709697048176576, 0.835796350529112, 0.44580449239132214, 0.6612514987843386, 0.8853134584477258, 0.4802780675148256, 0.8258738641110038, 0.7919638265576455, 0.8599875255661331, 0.9392349286418394, 0.850813963534188, 0.39264690159816035, 0.475808412157696, 0.47784430144121753, 0.8842802103173625, 0.9315026794376139, 0.4784779463377132, 0.45185525707370944, 0.41418838527156, 0.7107808560079164, 0.9102118820106407, 0.6098075935745932, 0.6738367296568344, 0.8982856729559789, 0.9725812388174429, 0.6384038095756911, 0.7253679710779407, 0.8008171739462102, 0.3096386027588687, 0.27206167813845955, 0.18704209238594488, 0.2270356026100063, 0.1566701979930236, 0.12251692989120021, 0.2229813129430696, 0.16425252079850639, 0.209549809756949, 0.5945861175115749, 0.4752133627075946, 0.14088656541971784, 0.5064117059520723, 0.49500124934152706, 0.5404063055576991, 0.17203671607062881, 0.11423082028923748, 0.3615862158125843, 0.2388700053595513, 0.11142135255983016, 0.2727098581433812, 0.31217629038959244, 0.21912676091924932, 0.10281388796692291, 0.18607445849601192, 0.3271657371725778, 0.2400239417474106, 0.15792518879656817, 0.21759445208586475, 0.13881627575661123, 0.2592484407333285, 0.27801558512141245, 0.1330773018211816, 0.20239458219274542, 0.5287326514558259, 0.20437837579881368, 0.380077827532945, 0.3091539338260664, 0.23957978115838424, 0.33931546150714326, 0.08021541460542228, 0.07863584920402894, 0.11583254224026908, 0.4147315963447799, 0.39414757205385537, 0.35286342985374936, 0.24153748789829113, 0.06366638379340565, 0.1962019263060984, 0.31026553133266166, 0.23155637099008325, 0.406097482160399, 0.219413274093549, 0.14838983981952894, 0.26425422393087883, 0.1375875555858372, 0.24108780463412643, 0.21185674015493897, 0.399668155878597, 0.33458358487374523, 0.16667591461622755, 0.3788290843716532, 0.27593907342082524, 0.1394674673416147, 0.23462999927770312, 0.1367800688381667, 0.17771720140132263, 0.1481381253325695, 0.15090197170863676, 0.19038941324761474, 0.30599736728685606, 0.3378447412341796, 0.35734245186543817, 0.21765668222523601, 0.270048230936887, 0.29290070991417577, 0.2931159915265063, 0.2297468060200668, 0.41491097534191546, 0.17122064206237153, 0.2549044158355961, 0.37682838460913387, 0.15288313451842844, 0.1503601471787867, 0.16029321603831662, 0.1477544227041869, 0.19031362562120013, 0.41447741745617683, 0.22458553270870568, 0.536031908894881]
predictedValues [0.6261490831346046, 0.3740314063583057, 0.4697472731001378, 0.6626822514355376, 0.43340061855608014, 0.21275244002814636, 0.3186575937995843, 0.23112704878684243, 0.31973494064382646, 0.7058048439376633, 0.3606802964589076, 0.4011876455454059, 0.4206323912993702, 0.5185009890422445, 0.4609697977728106, 0.26846595698658465, 0.39854118074620465, 0.16459148509379912, 0.28570128560649544, 0.32368278489105473, 0.18705941138496768, 0.2951939669134552, 0.6566473742225198, 0.2788583043620197, 0.48544917227834455, 0.4113775095216033, 0.21368373397856924, 0.5481448928395731, 0.5445894088308264, 0.4192971080067603, 0.47229859803714536, 0.5907763411649523, 0.40438746105331663, 0.26863295536236265, 0.4903956094653066, 0.38343790958231133, 0.17793924573683031, 0.19584311535482699, 0.41708735557577103, 0.38593041826208463, 0.45760655639221354, 0.2946843384615232, 0.33952126081739414, 0.343873421882351, 0.34445714030501523, 0.40435642887257073, 0.4701197654444068, 0.40223752709919813, 0.33975937320027316, 0.39339717942871016, 0.4151223215461341, 0.7269383905885174, 0.40431202371458164, 0.5130121548255684, 0.336291290823687, 0.6209587142816109, 0.35330581332074856, 0.3659230931856765, 0.2936144843268887, 0.29732724330428123, 0.48194803998208824, 0.8226544876834665, 0.2527138265525217, 0.5172286538295104, 0.2933833981698749, 0.7378737374008989, 0.47435100102836025, 0.9120926808205158, 0.33212424933855333, 0.4950473680239448, 0.4595406139346262, 0.8289394935620503, 0.7949832320807502, 0.5403356975482894, 0.457403771362172, 0.9413066374739513, 0.8555358593400177, 0.7879877586614392, 0.6059372214338625, 0.4434471301959517, 0.883843365905134, 0.7708984106487202, 0.6524287423246388, 0.30963444507678073, 0.8008860291230123, 0.048887060585806906, 0.448229866756368, 0.3683021729637544, 0.35016853042038565, 0.509575076814366, 0.625925509774334, 0.5517813195192259, 0.6281825565322186, 0.6941680033575307, 0.55427968785882, 0.9604525285341214, 0.5966285711732251, 0.6318207614566981, 0.6620984227844455, 0.5136851000565134, 0.685847515416563, 0.556982233259464, 0.6079829877359807, 0.4802529361074816, 0.9066370557831213, 0.4864137231704858, 0.815153076663015, 0.6984510859532937, 0.5497916021119814, 0.43972989895904213, 0.5885256760187281, 0.7333806693868042, 0.34561203465872753, 0.8653553797448916, 0.7495761363634633, 0.999969099423503, 0.6517426864458892, 0.8161269048790633, 0.24557867310489925, 0.5735869568582134, 0.5482250882663312, 0.7455771826928929, 0.9496332832771129, 0.6910938346045834, 0.6132597419311047, 0.7347565324913149, 0.7142447105519378, 0.6447284641411536, 0.8771052987437838, 0.6068481397656956, 0.6771407676141769, 0.32867836279678053, 0.7117776578275931, 0.6240121170450755, 0.4620097034480466, 0.9203924173235523, 0.8437683888016039, 0.8328736317174281, 0.8412740788140382, 0.6425479573589395, 0.6293693847904569, 0.9496205096241506, 0.7220400594130103, 0.9234695525194123, 0.6574482236595929, 0.8943223835611419, 0.8393605024554963, 0.3791207405293174, 0.6470623998278543, 0.801771816435613, 0.8273778026164967, 0.32443179294116475, 0.5568188681161707, 0.5195936061773605, 0.630598759508454, 0.8990442891850534, 0.7582383299221849, 0.5958866864705263, 0.6669128612547636, 0.7882506808946436, 0.811098898948175, 0.7102799158516453, 0.9739865773616629, 0.921722775759469, 0.31296122495444845, 0.6317932286879964, 0.5510577076478468, 0.883567151087733, 0.9111322591760692, 0.5991164788683888, 0.4929994737072959, 0.45195979202370745, 0.7398917211099025, 0.8597055295385635, 0.7465144964895774, 0.7992194127654556, 0.6968476685798728, 0.8655886173491858, 0.6766908838675959, 0.8818165805759892, 0.07971286442540203, 0.8182597081999795, 0.8769693153433851, 0.8447510187940233, 0.42688954936872653, 0.649400001253643, 0.8895941468982159, 0.4795184219153595, 0.8280411168305902, 0.7947872469223222, 0.8768618561528283, 0.9431729230048231, 0.8646692962248188, 0.37995644621300034, 0.4639877359381673, 0.4680561090944109, 0.8945865468971427, 0.9418275076261989, 0.4671180092058928, 0.4388436123852578, 0.4090402814573046, 0.7219780867564562, 0.9185624352808802, 0.6045723511455956, 0.6843873735709692, 0.9062941310208363, 0.9751526269116579, 0.6418372142495691, 0.7231845547186221, 0.8177785972821647, 0.3140265238375241, 0.2625775503117257, 0.18171356032826205, 0.2199428086886869, 0.1495867750575172, 0.12045423852393226, 0.21546756102724876, 0.16094988797781076, 0.20147402646598955, 0.591873865075857, 0.48275016473287696, 0.13033139932063353, 0.5100895413171029, 0.4806192412094842, 0.5122009916392785, 0.15944809057913278, 0.102037295001529, 0.350793194776663, 0.2397520732069386, 0.10526790874346718, 0.25535734121773673, 0.30591556680610127, 0.21519957051398442, 0.09764432260148043, 0.185017849983751, 0.3120446261471569, 0.22533255304101021, 0.14474330456134035, 0.20116038048051813, 0.12809363959330777, 0.2568761140668335, 0.2737543236395631, 0.1289833711142441, 0.20121203354819456, 0.5245582314561552, 0.19676277207928336, 0.382358668770366, 0.3057149867118895, 0.23448778912410773, 0.3358785439169503, 0.0760891936761116, 0.07331365624238127, 0.10900492170283928, 0.40456992261607383, 0.3749378010287598, 0.34108135960118596, 0.2326224823047484, 0.05691484292714765, 0.19293031185743706, 0.29609859719668, 0.22196795284709203, 0.3865458830195997, 0.2166965251116776, 0.14658986831827162, 0.25414249036074926, 0.1304809203209708, 0.2357840778387851, 0.20260941795939474, 0.39429171143008057, 0.3420736133968585, 0.15686624909073646, 0.3835954634262523, 0.276840084866786, 0.1358530491990825, 0.23203855509762247, 0.12283035948524733, 0.1695478965811417, 0.13389524639085168, 0.1459797982724295, 0.18352637586763326, 0.3019611883886154, 0.3254074445642065, 0.3523337792284976, 0.20996418098217234, 0.25875202576421175, 0.2771685104117153, 0.28052454410721184, 0.23408861735264389, 0.39531392835981777, 0.16531858940042918, 0.25739983971286173, 0.3757289888204404, 0.15082467558368598, 0.14374101670454012, 0.15311573324271618, 0.14066225922374287, 0.1865871893250215, 0.4186510233544993, 0.20953501816745823, 0.5163796249893209]
predictedValues [0.624252581743616, 0.3777911496090135, 0.4579160896727717, 0.6609901808040102, 0.434379759077367, 0.20995379801184727, 0.31316735786495253, 0.22492146310553748, 0.3199325544149835, 0.718895582680634, 0.355865640445374, 0.409438478428067, 0.4206923660197361, 0.5196214985292764, 0.4570323752064394, 0.26570730969865, 0.3877752534197576, 0.16358991310516827, 0.28540132976596394, 0.3228866817328235, 0.1826521841999907, 0.28752449528989865, 0.6582020336503911, 0.27433745102310086, 0.49275342238368236, 0.4071002643234646, 0.21468910296132074, 0.5554806784426597, 0.5507549983208542, 0.40730330577275764, 0.4738042241059103, 0.5982790555431473, 0.4061109249673229, 0.26765313165935894, 0.48507754513508994, 0.3915148380551521, 0.17726493995606502, 0.19386016715849932, 0.41169412340652584, 0.3819813166889772, 0.4652165014729793, 0.2915690331449045, 0.3343431888021656, 0.33085531247464856, 0.3357460404673016, 0.4002675881319694, 0.47203456177496506, 0.40359230824376746, 0.33967551414574615, 0.3959861593161074, 0.41102858575241386, 0.7244795332801881, 0.40253756354852016, 0.5276974624272366, 0.3343336273683845, 0.6283520072805752, 0.3543188046068448, 0.36415450855476683, 0.29049117143236347, 0.29412594471582393, 0.478318865260572, 0.828122341623226, 0.25268950851407307, 0.5079735445829937, 0.2761984413979227, 0.7341293901942759, 0.4634817113866539, 0.9185159097253869, 0.31663817621106555, 0.4968872019435846, 0.45289135166321715, 0.8373304319660771, 0.8000185886201027, 0.5463983536705034, 0.45395486645437005, 0.9500211715705874, 0.8640715467375328, 0.7997473925136019, 0.6069680557783649, 0.44809446042677104, 0.8905822595421763, 0.7800087578759188, 0.6483664584770887, 0.29994583405092157, 0.8056474799504463, 0.0455552706587315, 0.445571852246979, 0.3744490530194701, 0.3471699448677368, 0.5045288201872636, 0.6196463214340746, 0.5486846342458669, 0.6288875209361405, 0.7044556623121594, 0.543142037710207, 0.967974470040193, 0.5869478374510418, 0.6289968712677265, 0.6636925063159649, 0.5167006166309257, 0.6793583811379503, 0.5505702400130239, 0.6061042031559241, 0.48543581313017375, 0.9144329634397568, 0.4791573459185694, 0.8242731574116253, 0.7040217097867307, 0.5533307813306548, 0.435624687684881, 0.5924952244336942, 0.7358603900679042, 0.3498089833922516, 0.8729056967790821, 0.7560613469228818, 0.9999820901122374, 0.6573445289578984, 0.8198405561529661, 0.23495422715095204, 0.5775528292519434, 0.5565781580025022, 0.7503427083741951, 0.9538130463948317, 0.6996296853957045, 0.6129414588013858, 0.7478885618744796, 0.7161561721182443, 0.6450969144762105, 0.8799322368378186, 0.6046890897495364, 0.6887576721530027, 0.31715699122157714, 0.7189517111093483, 0.6222584386977138, 0.4698635231990007, 0.9267399724894727, 0.8459285105174511, 0.8355088144828079, 0.8481416061537408, 0.6354472939703292, 0.6288520569019108, 0.9546035220952773, 0.7216091886618716, 0.9334150661622912, 0.6633816511408981, 0.896739010623028, 0.8436689051646731, 0.37938272345946167, 0.6520804702012897, 0.8046925247658404, 0.8302454855862222, 0.3264260183313161, 0.5586642907616653, 0.5223383535769806, 0.6455449197367382, 0.9054213258338755, 0.7626030364658056, 0.6116196168845328, 0.6793011058639391, 0.7958699639902913, 0.8114627474783102, 0.7167267388436525, 0.974981312272284, 0.9221175018166652, 0.3104652617360319, 0.6317443684167976, 0.5569859196188146, 0.8868191939343526, 0.9130005205109051, 0.6115175769770587, 0.48914547766712796, 0.4366856349757002, 0.7479906958705055, 0.8692790077512181, 0.7527825510289874, 0.8114895943381243, 0.7009114745494333, 0.8695245416679578, 0.6770101751460036, 0.888809176577592, 0.07798640134045541, 0.8248855537266552, 0.882406656262519, 0.8527583126162299, 0.4140387827442503, 0.642473058502159, 0.8936653067183317, 0.4797090522179553, 0.83113063192575, 0.7987275191451428, 0.8890479435286349, 0.9464125112612669, 0.8773127558041786, 0.3713908089114064, 0.45522423165362447, 0.4624685577174457, 0.9028404844286925, 0.9500182378466088, 0.459322224498827, 0.42956990510166365, 0.4059132301347076, 0.7337836212281782, 0.9258935164214676, 0.601231577811992, 0.6922950429958294, 0.9137120724175364, 0.9772530348837151, 0.6477582941419209, 0.7249735374492781, 0.8299160175451804, 0.31572972873921507, 0.2540132888490604, 0.17675563870036892, 0.21312244468354102, 0.14319327423803316, 0.11776288898518122, 0.20844271777783596, 0.15765250970311948, 0.1940364037855564, 0.5880617370382376, 0.4859986784613252, 0.12198651630126758, 0.5134518740385792, 0.4683502673652124, 0.48991235548368517, 0.14962646280198003, 0.09303768981425817, 0.3412112331455082, 0.2388981986840944, 0.09985714904666398, 0.24102497740002587, 0.29974334041695816, 0.21076848595069295, 0.09297325960243977, 0.18344312401428622, 0.29835864725243233, 0.21353949739416506, 0.1346156775175359, 0.18865968646770456, 0.11934687094675145, 0.2531611636717696, 0.2695112991494598, 0.12487944127449645, 0.19880263902298262, 0.5197680148578923, 0.1899288348492643, 0.38260961427324863, 0.3011602662439084, 0.22925122519133734, 0.3313002327590664, 0.07246090016050875, 0.06900162028819977, 0.1034481470357387, 0.3960259416508008, 0.35909776777597624, 0.3323094350898016, 0.2250767211717224, 0.05176417708066309, 0.18910892143424812, 0.28397996412739357, 0.21350021855112764, 0.37052634853777766, 0.2129528302885918, 0.14401109381334512, 0.24512066149775663, 0.1244767486319647, 0.2303248025135965, 0.19465378912697595, 0.38861199525446694, 0.3459022428816751, 0.14874121623852893, 0.3856405998659192, 0.27597807753156384, 0.1322158453587648, 0.22852321873245768, 0.11235106283222936, 0.162307046763495, 0.12290031251649962, 0.14115573665436426, 0.1775389134166264, 0.2972345420932682, 0.31479318264524003, 0.3468952520003695, 0.20297640966874045, 0.24897673553274302, 0.26424193104470683, 0.26973382309019256, 0.2362701930839609, 0.3792230256144533, 0.15947578564005577, 0.2572809793600238, 0.37331809749032796, 0.14813117885238208, 0.13865299303267486, 0.14653878354193517, 0.1346264870323063, 0.18210015464714072, 0.419730711226169, 0.19709592509956284, 0.49991286918449396]
predictedValues [0.621842522666635, 0.38208449122126686, 0.4468763630434005, 0.6586695343363226, 0.4358435082262927, 0.20855453339284724, 0.3089511804819833, 0.22028556347448155, 0.3208979489338915, 0.7


Gradient 4.73392755068014
Coef [0.12698634246575452, 0.3229488351267888, 0.117384255705684, 0.15581044103328773, 0.027441669176605343, 0.4526607244931986]
Gradient -14.161895361986913
Coef [0.08708664009197886, 0.3470391743325925, 0.07112105153877936, 0.08700158177830357, -0.35141585627562466, 0.5942796781130677]


0.5 = 0.5 - 37.30136575342455 * 0.001
0.5 = 0.5 - 17.70511648732112 * 0.001
0.5 = 0.5 - 38.2615744294316 * 0.001
0.5 = 0.5 - 34.41895589667123 * 0.001
0.5 = 0.5 - 47.255833082339464 * 0.001
0.5 = 0.5 - 4.73392755068014 * 0.001
0.4626986342465754 = 0.4626986342465754 - 35.17938911319 * 0.001
0.4822948835126789 = 0.4822948835126789 - 16.47326294599212 * 0.001
0.4617384255705684 = 0.4617384255705684 - 36.14984827834961 * 0.001
0.4655810441033288 = 0.4655810441033288 - 32.62797298786243 * 0.001
0.4527441669176605 = 0.4527441669176605 - 46.68171758134006 * 0.001
0.49526607244931986 = 0.49526607244931986 - 3.6167993282009556 * 0.001


Coef [0.4626986342465754, 0.4822948835126789, 0.4617384255705684, 0.4655810441033288, 0.4527441669176605, 0.49526607244931986]
Coef [0.4275192451333854, 0.4658216205666868, 0.4255885772922188, 0.4329530711154664, 0.40606244933632046, 0.4916492731211189]