37.30136575342455
17.70511648732112
38.2615744294316
34.41895589667123
47.255833082339464
4.73392755068014
35.17938911319
16.47326294599212
36.14984827834961
32.62797298786243
46.68171758134006
3.6167993282009556
33.024675180570014
15.209642218728987
33.988052654643376
30.818850192081783
45.98469548246259
2.476141340991909
30.85973582912713
13.927598822501785
31.7979365043518
29.01038362499022
45.16399756987824
1.323964599247895
28.7083017327807
12.64167526378768
29.60308868184076
27.22203320604346
44.22260520620867
0.17334466513688962
26.594180127505762
11.366964371846334
27.42782837249097
25.472947052510403
43.16734345707846
-0.9621517174267682
24.540065704511267
10.118388986642653
25.295990439445436
23.78098013225625
42.00865544278245
-2.0691147351414534
22.566433291885136
8.909981762687659
23.22973804119251
22.161817201624423
40.760072347876594
-3.134948104346919
20.690630310379994
7.754240008055204
21.248532765386365
20.628294830388075
39.437441459087474
-4.148463465596245
18.92625467808251
6.66161934566911
19.368365743016618
19.18998436915759
38.058009782256164
-5.100350687888835



predictedValues [0.23006190790479433, 0.06351537446878797, 0.4212223705351702, 0.40846852664547983, 0.10982048602558458, 0.11952921167981857, 0.2511045638659796, 0.09518437468919787, 0.2060340300169511, 0.02570834828371237, 0.10350744140388533, 0.038848555860265754, 0.21832299087222945, 0.18562710289077242, 0.35198748102053945, 0.16240268992206075, 0.4310615225632884, 0.07188169425861063, 0.09743201322339619, 0.08746861137975036, 0.23149044517384773, 0.3392022816453196, 0.4270293645914706, 0.11148074202272437, 0.06445569063603637, 0.27195974872285744, 0.026048477765936127, 0.1354948809367696, 0.09283922320633918, 0.4664029027717713, 0.20175557202520172, 0.07161179485822021, 0.1204563644075577, 0.12898989018657092, 0.41738795798919415, 0.03685195785595979, 0.09933430894293221, 0.10817166007988256, 0.39532951737606814, 0.2041165259480714, 0.028089666107732992, 0.1081790074252478, 0.24831624717823506, 0.5254575359846567, 0.35535168295663294, 0.2434533243842336, 0.184278620212143, 0.07829778117282382, 0.11080878774955817, 0.0807953961872527, 0.23078716244194195, 0.47090794226365795, 0.29479894954623853, 0.04797719974182766, 0.08743679072598809, 0.08711609449919966, 0.08289006198215788, 0.15061981942342093, 0.14978702621642848, 0.20701867488569445, 0.9583133646653252, 0.9857707761824175, 0.3703463839524755, 0.7980411644020912, 0.8697882225715067, 0.8784209969710276, 0.8119311006007027, 0.7432554629776734, 0.5613281813875549, 0.27452685736146015, 0.7073674918110892, 0.968557575679694, 0.9497208783470091, 0.434780896042136, 0.9525044071610764, 0.9826886541343577, 0.9868137221605495, 0.34743622535539714, 0.6163223324622391, 0.20199476728369792, 0.8876455090791502, 0.854318272397556, 0.911262437476437, 0.9800078806942083, 0.8826047782102641, 0.5720894087075515, 0.5278430503041972, 0.3193203947968149, 0.4373765264192641, 0.6486195878966505, 0.8334766240845016, 0.7302515637519936, 0.9530765723462945, 0.6610231734203157, 0.9440059297141297, 0.9185230408026397, 0.9820901872401108, 0.8219344266512036, 0.9496452926140989, 0.37001948463340734, 0.8447350681982863, 0.833600775010864, 0.5549894256386402, 0.24330668710982042, 0.919962735292285, 0.5140863831315504, 0.44071332140716485, 0.9690679372641997, 0.5587795322541282, 0.7583370508274582, 0.615230823999564, 0.970912930045801, 0.20437037531640426, 0.5079906904546074, 0.9845328594852629, 0.9998918689046429, 0.7508844933171248, 0.9196062920080152, 0.6843489444335306, 0.403782867288542, 0.3530513008982192, 0.9704117876605285, 0.8737464593632859, 0.5924633633361424, 0.5196724797889387, 0.16437746789662347, 0.5853032206815414, 0.8833169403456916, 0.9132998388916902, 0.7125255221223449, 0.11518910979667077, 0.6493928919251246, 0.7246309341066367, 0.9121931880250466, 0.7687729207989755, 0.9147576869067815, 0.9615086339559281, 0.9190741895629906, 0.8267676081601911, 0.9258335228356147, 0.6687212424974287, 0.9905848179648206, 0.956005339452202, 0.7958375806749616, 0.40877530177049004, 0.9171917574405067, 0.9493702490060962, 0.3132876680710994, 0.46193992383945326, 0.598528019648318, 0.7096723633136475, 0.3845181062105248, 0.4642039580063915, 0.5131401306061983, 0.09681699905662093, 0.44037594252049367, 0.9111290185799834, 0.16759848640528976, 0.31596338110368016, 0.48105938028726614, 0.9641966015085719, 0.4324922880035366, 0.963015157894902, 0.9916479338398344, 0.35720060405888077, 0.9550060031378458, 0.3947831939683968, 0.2627922793171795, 0.9461112813970848, 0.07868429519798842, 0.5259760907026624, 0.762857720431073, 0.17716906351767187, 0.10301390782376547, 0.30491099506396163, 0.3137854570950661, 0.5448798761650844, 0.6813989049240178, 0.888221992568794, 0.8791249718170663, 0.30128061628097685, 0.4162064202711853, 0.891215407025417, 0.9311253054839486, 0.9462691587555477, 0.9643889302636094, 0.7944323695778145, 0.43344382242039, 0.964418062187651, 0.9359572011050664, 0.10419444295293785, 0.8626319380892439, 0.9793275743733121, 0.786438630374831, 0.7621701904608095, 0.7888638335759539, 0.45534418434173446, 0.9811611379303703, 0.7580573967701859, 0.7833378671491867, 0.7750907353782703, 0.9751391169023543, 0.981163240369705, 0.5791265081821707, 0.24261704852516275, 0.9739363271086546, 0.9377478915516622, 0.9266754927818931, 0.9758037418589969, 0.10782070550046412, 0.1382568259759685, 0.3958376803684894, 0.22997535226316534, 0.2897884689334169, 0.21594029597012498, 0.12478500458910669, 0.1508890431474542, 0.1931489009153671, 0.2678903814939282, 0.3904131904700596, 0.10938038228368323, 0.3675559464603234, 0.47596164946488956, 0.5801675143864313, 0.8853041849014801, 0.4607353454297228, 0.7539319554887498, 0.45712360561379173, 0.08272328154582442, 0.2063521772526792, 0.6193059378282214, 0.2404729802279842, 0.18484638339151593, 0.1672366728050281, 0.19559527149742933, 0.31617345091467525, 0.5340189532293184, 0.617409789636034, 0.6651802657079914, 0.4788694002247964, 0.09115111796173755, 0.2745305056027857, 0.10673707228811136, 0.09209212836756409, 0.4671164057817025, 0.2724244078441618, 0.18701338011572946, 0.16980648287880323, 0.15582340062802383, 0.23130179901141318, 0.11166789558166361, 0.24282514932893, 0.16949503807433297, 0.6183190074667378, 0.6148203523793019, 0.681708685228077, 0.33836295618838763, 0.23354440266073026, 0.14147342864762932, 0.42721661059380084, 0.2779169454366262, 0.5368866382837285, 0.1291855231003458, 0.06467816874244396, 0.20776025287218156, 0.2894000261309136, 0.17610946760725352, 0.28713222976133296, 0.27849807456257697, 0.08863442681014766, 0.33715508414370643, 0.16136747032266752, 0.09145126822766408, 0.10578666669342478, 0.11789490962561434, 0.6956753204559356, 0.2650675445680641, 0.5237804610018574, 0.072795162692702, 0.4451364633765389, 0.18106502055702267, 0.3994078864042733, 0.21760042121656678, 0.2931004387000689, 0.35598254777216465, 0.49526198711870933, 0.4273692179192259, 0.043374825766313706, 0.5598538934936628, 0.17485383949153566, 0.07128142376421953, 0.1873035254833986, 0.07305346649945303, 0.44288194837995876, 0.18043222829751707, 0.25712793316300975, 0.1502869515836054, 0.136565921080655, 0.4852946349688733, 0.7741490087772064]
predictedValues [0.24644190444798542, 0.07422311236329912, 0.4250619468896789, 0.4181726541673878, 0.12335952928744354, 0.13144322293512234, 0.262020715418746, 0.10619031980284296, 0.21822510969513587, 0.03266441179345075, 0.1160371053504666, 0.04751086184641716, 0.23220312766483606, 0.20159117014186143, 0.3608509343372955, 0.17463261847405737, 0.4325357482340295, 0.08117584928902989, 0.10937094791089491, 0.099216734185368, 0.2405640186532994, 0.34551607845153054, 0.4350329536693052, 0.1235927010051552, 0.07618236160332731, 0.2847543757451574, 0.03209940106167516, 0.1506195854063502, 0.10713821402831247, 0.46691829294395476, 0.2161512003637849, 0.08406720768544325, 0.13457464956840073, 0.14111530242408937, 0.4238446989921851, 0.044853403132985775, 0.10981010303869773, 0.12013321721878113, 0.4013651430589197, 0.21773288692754095, 0.03517157266261748, 0.12025407329888325, 0.26028638136504934, 0.5210129381458166, 0.3594578334725268, 0.25594830097866156, 0.19971025976069756, 0.09024582769992483, 0.12377363821125374, 0.09327632996346133, 0.24445036226252606, 0.48152080281117, 0.30707169964064607, 0.057849560399758554, 0.09931768299440685, 0.10090229988269309, 0.0945464778340344, 0.16412678213814352, 0.16282616762718782, 0.21914480808129919, 0.9494713200088322, 0.9820030169683349, 0.37288600033039493, 0.7829543073280547, 0.8516375393074547, 0.8672685591031535, 0.7964565486548835, 0.7392037799124308, 0.553037648110311, 0.2852795338607135, 0.6946601199111667, 0.962871838465743, 0.9418843132271504, 0.4411301539296918, 0.942418365858035, 0.9792893074308597, 0.983469742332464, 0.36219606867209747, 0.6104696325702312, 0.21623675423030045, 0.8785986233386701, 0.8434898374673206, 0.9002161220280198, 0.974033458537102, 0.8730014063203559, 0.5529864162638934, 0.5243393720130499, 0.3281049704364013, 0.43912339728883426, 0.6408932179059149, 0.8203735853620276, 0.7177462166176294, 0.9439954986543463, 0.6534123879412794, 0.933458420122398, 0.9134306748763772, 0.9768876783179957, 0.8072040077331001, 0.9400801875374776, 0.3788451661458365, 0.8319373760015688, 0.8188469868591773, 0.551987849359725, 0.25572697065397165, 0.9121088039837966, 0.5134664424733881, 0.450912170806833, 0.9624945236219516, 0.554139388706135, 0.7429325817518859, 0.6088693714229789, 0.9644883926117803, 0.21417004607228232, 0.5177270164300277, 0.9804030818097221, 0.999848392025563, 0.7391973150587346, 0.9108596089307073, 0.669412076177838, 0.4118899475183966, 0.36368361749444517, 0.9638518183532866, 0.8684401122042652, 0.5900309427594316, 0.5218246067143711, 0.18137917204474222, 0.5839768179042635, 0.8702101781115881, 0.9040075335926042, 0.7022613804350791, 0.1312726578147883, 0.6356170734160335, 0.7166123737055794, 0.8999810929552069, 0.7535090680834768, 0.9066082925619677, 0.954658038635161, 0.9093490697242009, 0.8164573945603899, 0.9137976392286545, 0.6588962895549408, 0.9882714368574886, 0.9471181832223808, 0.7909517583740178, 0.4168692398967331, 0.9085183724411907, 0.9413848027876229, 0.31970777899637143, 0.4667311632861161, 0.6004601336284594, 0.7037816730214189, 0.38673087442507537, 0.4675867055561246, 0.5115947371046657, 0.11108225524824301, 0.45308812493505296, 0.900404824455206, 0.18328715110572377, 0.3289245344737462, 0.4870124158247141, 0.9573771756849887, 0.44016024843880414, 0.958211289473403, 0.9892461914898508, 0.3621677143522982, 0.9461341375447887, 0.4010408196813012, 0.28247109848801094, 0.9380012106999829, 0.09139416478486699, 0.5229722920585521, 0.7453987557617673, 0.19526003692319596, 0.1197515411281566, 0.3225057015721055, 0.3305255211733381, 0.5444029576413738, 0.6782312983723343, 0.8762030005180068, 0.8710718461043018, 0.3038356987577092, 0.4271803038955861, 0.8811790773308723, 0.9223178869618991, 0.934991716552551, 0.956550057024596, 0.7857837115084481, 0.4351903804477048, 0.9577649776557604, 0.9266682598075854, 0.12188918454918865, 0.8562277341827624, 0.9749711657180896, 0.768168348542549, 0.7466207163614209, 0.7709148255458206, 0.46785952463026204, 0.9770811667633995, 0.742658552679206, 0.7673095831769285, 0.7591285671741042, 0.9693427603207969, 0.9771194228248318, 0.5738790599685638, 0.25941516315346336, 0.9688860594870864, 0.9325136581675422, 0.9155166711699122, 0.9698169582503557, 0.12547433774155003, 0.15157375093048792, 0.3970049189467796, 0.2378854123239249, 0.2963168725670796, 0.22378438333770595, 0.13480786891574487, 0.16199335149524297, 0.20170322113448108, 0.27576685781971505, 0.39924880466859713, 0.12383692848853571, 0.3647491750201948, 0.4765313618884411, 0.5717087935482389, 0.8694466501722575, 0.45277999793025453, 0.7305092909620422, 0.4562524518543454, 0.09357325238542166, 0.2136107319512911, 0.6055481465665211, 0.2511179789021654, 0.19567092987806226, 0.17580600944426003, 0.20548882220856357, 0.3234355273228883, 0.5233281228815284, 0.600064696629246, 0.6476121624637013, 0.47087958492838755, 0.1020713942049339, 0.2838108557414871, 0.11662826918625405, 0.10229831003522578, 0.4702395367356972, 0.2781844459313563, 0.20064416854427605, 0.18305062602530203, 0.1672122122425128, 0.24358644461053755, 0.11981038822060451, 0.24547777585584513, 0.1758404071438096, 0.6079419857308619, 0.6035632164273196, 0.6671481881297727, 0.34171955135329196, 0.23535335065630714, 0.15240683791371254, 0.42675521119126797, 0.2847395134422699, 0.5304413468407575, 0.14123174172733707, 0.07353220256353132, 0.2173259107517568, 0.29329391364616897, 0.1869695907617517, 0.29254480211217615, 0.28917262775396546, 0.1011343753688867, 0.3374157041345515, 0.1751966992182772, 0.10258018444988272, 0.11501241019227339, 0.12960579923163168, 0.6750306336022744, 0.2721546510656749, 0.5120147355874964, 0.08159620504111956, 0.44123171832742797, 0.19355630072026725, 0.4017052156902475, 0.22957276712512237, 0.2984926538084332, 0.35955056939061675, 0.49045615078088817, 0.4269359654235299, 0.051391466406361226, 0.5518427357326553, 0.18523337714608462, 0.0820186947838711, 0.20078606934464796, 0.0822280336398462, 0.4361639122967769, 0.18976811907098676, 0.2622111326028064, 0.16143698028086215, 0.15097927701740219, 0.4807733587383577, 0.7600006384545128]
predictedValues [0.26309426154215687, 0.08582921492812041, 0.42899454888609645, 0.4279504563423447, 0.13754034642507473, 0.14330299527946072, 0.272426473544992, 0.11750598750471158, 0.22995188617193063, 0.04104948074181602, 0.12912019420985038, 0.057312878170495206, 0.24577206841908594, 0.21771643720076872, 0.36928873866530537, 0.18660774097118893, 0.43399769646148595, 0.09073619806786545, 0.12165648222164356, 0.11153016112878854, 0.24878759659714186, 0.35117846206783115, 0.44304086094300055, 0.13595851347454077, 0.08902337277593222, 0.29700081303451575, 0.03897406852867998, 0.1662868583099431, 0.12246614497084204, 0.4674564810620247, 0.23050178043629885, 0.09780980876271791, 0.14911519840578544, 0.15321233940487217, 0.4298870545178362, 0.05390829705052034, 0.12027779682007941, 0.1320707662100118, 0.40685450914035687, 0.23113368692078684, 0.04345872182402746, 0.13266076074415686, 0.27173510924090644, 0.5165878785845657, 0.36332790882013927, 0.26805567114287465, 0.21512871064168135, 0.10301964303984736, 0.13707490084623486, 0.10657593912243096, 0.25782787857506173, 0.4919952051099405, 0.3185694472630563, 0.06892515431760093, 0.11178682860285596, 0.1159190175414026, 0.10688748312246797, 0.17771365924641586, 0.17573756388590608, 0.23081024719208926, 0.9393473511127531, 0.9775513988711028, 0.3746514361757656, 0.7680545627365224, 0.8324435408684034, 0.8560819897204702, 0.7809767614142329, 0.7361682383833271, 0.5451630143940429, 0.29604686110328743, 0.6823393162737582, 0.956577806484877, 0.9334567587629473, 0.44703057026927967, 0.9309270294748233, 0.9754505992274306, 0.9795328154183353, 0.3771252190623048, 0.6051754627702223, 0.2303100659290031, 0.8697300193285092, 0.832770991011714, 0.8886938541974244, 0.9666782470020079, 0.8633532397295887, 0.5329935516277746, 0.5209424161297038, 0.3361110206264427, 0.44039866758292123, 0.6334900313802402, 0.8073929309455475, 0.7056968006945108, 0.9339135351149375, 0.6463942620837713, 0.9218824100067537, 0.9083376216431328, 0.9706405769862462, 0.7926853293057071, 0.9295062131668681, 0.38732954185884866, 0.8193456055937269, 0.8040942194370019, 0.5496742463929214, 0.2679714167310745, 0.9042041570652777, 0.5128901285600386, 0.4615124266809376, 0.9549968950967074, 0.5500047792035333, 0.7276618082486289, 0.6029993849063607, 0.9571730984096279, 0.2237762951662208, 0.527858185420361, 0.9754782032399901, 0.9997933945401097, 0.7280325636009753, 0.9018804574513815, 0.6543260900146429, 0.4197777265928254, 0.37389038199140195, 0.9563928119332266, 0.8635983363358435, 0.588129320892445, 0.5242707920837153, 0.1991775176146599, 0.5832931434407731, 0.8567924523887074, 0.894750822419929, 0.6926403623461391, 0.14849701924452946, 0.6222632476674758, 0.7090833736130799, 0.8871171446444612, 0.7380399647591069, 0.8985183994848325, 0.9472037756358518, 0.8993946490032715, 0.8066685464203914, 0.9009690727408362, 0.6499122745063465, 0.9855792771550428, 0.9372866038166741, 0.7865826364588793, 0.4250182246778205, 0.8998525630717201, 0.9328739050297947, 0.3259700456719869, 0.4717677406522172, 0.6030616103378648, 0.6989785556503976, 0.3884989446299561, 0.4710004047483679, 0.5101742171334934, 0.12642556520447953, 0.4665390329829819, 0.8893168094888108, 0.19933792461682753, 0.3419183581317669, 0.49351743347316673, 0.9498765121248849, 0.4481714962843732, 0.9534439375063686, 0.9864030535831562, 0.3665851729729662, 0.936243390334263, 0.40723803151677057, 0.30329867808028843, 0.9296382429703365, 0.10529530949048127, 0.5203057952636364, 0.728430920447597, 0.21417784101424847, 0.13833448973035364, 0.34012534482048723, 0.34745944714240873, 0.5445896402119415, 0.6762416310935507, 0.8638935442582193, 0.8631122673183333, 0.30492799794186487, 0.43864086892765397, 0.8712723075445035, 0.913093492392951, 0.9222834880431716, 0.9476870232223168, 0.7781903760099501, 0.4370843183367584, 0.9504415418364651, 0.9168594183371029, 0.1414818289674285, 0.8505087729262313, 0.9699915859012401, 0.7498565232191597, 0.731339786968743, 0.7531559710653665, 0.48089978025704305, 0.9724403774571732, 0.7276004334185012, 0.7513923932959633, 0.7430264509882776, 0.9625924907862724, 0.9725322226971028, 0.5695348539942716, 0.2764270164172868, 0.9632850898020637, 0.9275427599797736, 0.9035282662364474, 0.9628789936002453, 0.14480771039617957, 0.16485074284364787, 0.39769492673148044, 0.24507358526874395, 0.30207932961872536, 0.23089224320228502, 0.14434764993598567, 0.17293570730207924, 0.20955839272363447, 0.2828572607608316, 0.4080173105526982, 0.13899669919355656, 0.36155273660202497, 0.4771176948177149, 0.5640552658774418, 0.8530546000360395, 0.44479353701547786, 0.7062433149157313, 0.4552853597206899, 0.10482397592224743, 0.2199767188050268, 0.5920287366383113, 0.26132552717263424, 0.2059599294435759, 0.18359933264353856, 0.2146311864780091, 0.330356417432601, 0.5128740038124816, 0.5827159902364751, 0.6301962278945935, 0.46239171794226147, 0.11336029395702024, 0.29238715309376184, 0.12635909120528455, 0.11266163827319275, 0.47328260012065826, 0.2832972019515186, 0.21408405934461808, 0.19611198473599972, 0.1783913514864642, 0.2553783061288486, 0.12753173184592853, 0.24720032910503317, 0.1817110765254682, 0.5979279953134322, 0.5929236949773673, 0.6528538389583005, 0.3445741849386053, 0.23642519527280967, 0.16304766262233586, 0.4261832263017187, 0.29097843645957183, 0.5246186908067667, 0.15316069927212922, 0.08271185799682171, 0.2266274490669876, 0.29628754354569176, 0.19748473992975982, 0.29737422462291085, 0.299493778240487, 0.11420699922144965, 0.33716199223270205, 0.188977591652023, 0.11409525329592264, 0.12409395064904644, 0.1413690540809271, 0.6540702096362259, 0.2784109665546708, 0.5002371588525222, 0.09066454714529602, 0.43667289513143154, 0.20581162142658407, 0.40382197582566076, 0.24128838459621302, 0.3032135863116054, 0.36267150305228696, 0.4857012486141257, 0.42627085669282944, 0.06016458074498776, 0.544533803124064, 0.19502212919205858, 0.09333581719230938, 0.2141411003828604, 0.09164473708200258, 0.42899172174513533, 0.19852905559276812, 0.2665298390014299, 0.17217233857262768, 0.16568364105546543, 0.47595876126930586, 0.746258272989706]
predictedValues [0.2798964159121163, 0.09820282026483314, 0.4329959973989319, 0.43776106054759334, 0.1522034068188597, 0.15491793463967285, 0.28224601732380417, 0.12897217640623193, 0.24109970506928027, 0.05099172238887467, 0.14260521123903122, 0.06818448675965869, 0.2589059256121609, 0.23383928484081346, 0.3772727655794187, 0.1981810473735655, 0.43543581773745044, 0.10039618780715139, 0.1341034856018608, 0.1242434244119321, 0.25609369577735874, 0.35617507723408665, 0.45102710541632207, 0.14840900690357495, 0.10284333162907917, 0.3086152824495387, 0.04661822660447098, 0.18232700415242795, 0.13865008749474228, 0.4680092790423818, 0.24467665055536475, 0.11275411119584203, 0.16388356405379506, 0.1651102656445767, 0.43550973526124265, 0.06396562558774703, 0.1305574174554165, 0.14376530549632677, 0.41179542771308997, 0.24419089663325672, 0.05297161918234392, 0.1452358400677531, 0.28257342402847935, 0.5121917838907928, 0.3669476909650024, 0.2796856192462889, 0.23036575196938436, 0.11646718734620135, 0.1505237110024281, 0.12051696133688898, 0.27080676383920205, 0.5023008162677336, 0.3292259724106601, 0.08113111696967869, 0.12467781912216405, 0.1320554971121988, 0.11976198135176498, 0.19122070317733064, 0.18834924581231813, 0.24190006736679628, 0.9279330153421936, 0.9723953693370166, 0.3756588131622993, 0.7534949077924813, 0.8124335048844151, 0.8450095718311331, 0.7656525829753545, 0.7341546778051723, 0.5377089365087879, 0.3067671616718799, 0.670472723000901, 0.9497169463059202, 0.9245332342612137, 0.4524802775686594, 0.9180487263779126, 0.9711817425977902, 0.9749812741443068, 0.3921507803197326, 0.6004457512059886, 0.24407770280463523, 0.8611715525843544, 0.8222836678972664, 0.8768375989824106, 0.9577815191478202, 0.853772897354995, 0.5122410986977931, 0.5176593494920539, 0.3433100735212155, 0.4412118862168222, 0.6264329887037224, 0.7946818506241785, 0.6941834569213303, 0.9229122344391896, 0.639997987144432, 0.9094074189768142, 0.9033030649128168, 0.9633009855595732, 0.7785610000250573, 0.9180207652286898, 0.39544257485243267, 0.8071246441052256, 0.789517634792023, 0.5480270936115941, 0.27995614571873634, 0.8963695480108425, 0.5123585745219197, 0.47246294323860477, 0.9465824627034295, 0.5463690208355372, 0.7126454728996325, 0.5976317570912277, 0.9489948523802062, 0.23311751333157432, 0.5383341686932227, 0.969711051872663, 0.9997264360836844, 0.7174723304037455, 0.8927875987945366, 0.6391675915087219, 0.4274211973042606, 0.3836319736505108, 0.9480697426013998, 0.8592867583648258, 0.586749064651981, 0.5269842512476904, 0.21763568803839053, 0.5832343190440161, 0.8432455024019997, 0.8857024345682672, 0.6837106533276874, 0.16671009440872966, 0.6093874077206568, 0.7020848406657874, 0.8737690271020119, 0.7224806257875217, 0.8906266974270557, 0.9392404816946285, 0.8893742889476753, 0.7975207512935427, 0.8875425331159019, 0.641802925990866, 0.9825066341871354, 0.9266279777044801, 0.782771097465732, 0.4331918700224016, 0.891350578966158, 0.9239628150767095, 0.3320400707236087, 0.47702020790773636, 0.6062969018791279, 0.6952710194820443, 0.3898257748253128, 0.4744298134219376, 0.5088806112874908, 0.14270983791332828, 0.48065613044216077, 0.8780193873010305, 0.21559399623464803, 0.35487738054110146, 0.5005347466723832, 0.9417808301546223, 0.456482256717988, 0.9488465218934775, 0.9831210197971225, 0.3704427291625836, 0.9254062877112832, 0.41335103347269236, 0.3251721937797807, 0.921214568858676, 0.12029412610017198, 0.5179688487199039, 0.7121343937169049, 0.23377341953791475, 0.15871845616529068, 0.3576586319336084, 0.3644925046771834, 0.5454142825995254, 0.6754072392060761, 0.8514500698062929, 0.8553412139745767, 0.3045907696837531, 0.45053442295636154, 0.8616594886625024, 0.9035733946112798, 0.9082190028562468, 0.937860375119319, 0.7717333611340023, 0.43910581873598936, 0.9425243404816442, 0.9066709855208246, 0.162884034758404, 0.8455578100770459, 0.964387356286181, 0.7316948541311684, 0.7164604863359861, 0.7357955815593633, 0.49440040689168274, 0.9672578160658731, 0.7130111661421847, 0.7357353639537125, 0.726912963203102, 0.9548590537839005, 0.9674226944092789, 0.56607234567777, 0.2935291837281665, 0.9571857798499263, 0.9229457313140074, 0.890836368240216, 0.9550013324956964, 0.1656866845599523, 0.17789668978519438, 0.3979163782960192, 0.25148559137958443, 0.30705369811645294, 0.23720324901587286, 0.15323708785883444, 0.1835851054513336, 0.21663633303217408, 0.2891190682362615, 0.41668694537055084, 0.15467098922105615, 0.3579779480946667, 0.47771878316660515, 0.5572079856205815, 0.8364082138254861, 0.43679025481958594, 0.6813413251723501, 0.4542229444185279, 0.11629996339960814, 0.22539056086412998, 0.5788025469809089, 0.27101864743614, 0.21559900585863467, 0.19051395938121243, 0.22292408398142244, 0.33690098818446224, 0.5026788867994026, 0.5654483857941776, 0.6130287312167285, 0.453449889762072, 0.12486311137554769, 0.30020683264130593, 0.1357642549374434, 0.12302159711414822, 0.4762403723711193, 0.2877385753646355, 0.22719163061708741, 0.2088347747445724, 0.1892268253721755, 0.2665769781121065, 0.13469907826847904, 0.24799443576448404, 0.18704750266787393, 0.5883111540723439, 0.5829274828801749, 0.6389010705146763, 0.346918460124079, 0.23675414410561835, 0.17324825452134915, 0.4254949925566499, 0.2965991547344784, 0.5194021332709063, 0.16479012670486504, 0.09205632182610578, 0.23558954685058908, 0.29837698678537883, 0.20754219843853108, 0.3015969239090182, 0.30940016308336343, 0.1276513467909539, 0.33640062666536624, 0.20254581047555786, 0.1258371470704642, 0.13288959984879165, 0.15301266676509115, 0.632934536165187, 0.28379935472419043, 0.4884792912956076, 0.09986106493949234, 0.43150120355485483, 0.21769958636946835, 0.4057445342217569, 0.25265033205401105, 0.3072463184315842, 0.36533512034213006, 0.48099806672862183, 0.4253744832974424, 0.0695888430411505, 0.5379185749693327, 0.20409984105280632, 0.10505314208696982, 0.22723324522077035, 0.10114207365923808, 0.42140340609425514, 0.20661738725935716, 0.2700621467791159, 0.18234227705597444, 0.18049377699741365, 0.47086621575164606, 0.7330468124189202]
predictedValues [0.29672188176466546, 0.11117907602431476, 0.4370394633533723, 0.44756053848287247, 0.16717232053423198, 0.16610952115069555, 0.2914178760727005, 0.1404235585187492, 0.2515731329411755, 0.06257865820671485, 0.1563261862614586, 0.08000305878320169, 0.2714965424395337, 0.2498001959836582, 0.3847823219982986, 0.20922108113979018, 0.4368380157839588, 0.10998366977266592, 0.1465219089793403, 0.1371753650019906, 0.26243937132428424, 0.3605027460902432, 0.4589643227476533, 0.16077299180060897, 0.1174637671005061, 0.3195314674333121, 0.05493609920083446, 0.19856131076445063, 0.1554840233376502, 0.4685676553527554, 0.2585527759835773, 0.12876800727798166, 0.17868013164553445, 0.17664847727233546, 0.44071319822872607, 0.07492829360503425, 0.14047787371894588, 0.15501149303950038, 0.4161939630183787, 0.2567887701338199, 0.06368018696338876, 0.15781037555929514, 0.2927289023571747, 0.5078341866054793, 0.37030559312235917, 0.2907619758527262, 0.24526441032822963, 0.1304089748854158, 0.16392847924406312, 0.13489510187045448, 0.28328670034461684, 0.5124081305524064, 0.33899754002796084, 0.09434488298130038, 0.1378080455143273, 0.14915919743035358, 0.13299729555600154, 0.20449371403041788, 0.200503630979942, 0.25231779106550223, 0.9152669716304234, 0.966543573783051, 0.3759366555114222, 0.7394123823668646, 0.7918617384740525, 0.8341948226715089, 0.7506344094559984, 0.7331470569380322, 0.5306734658947178, 0.31737712131302914, 0.659116364261083, 0.9423548813256981, 0.9152313379808138, 0.45748389719025423, 0.9038573806764737, 0.9665100108222952, 0.9698166453973716, 0.407195600877535, 0.5962777515550893, 0.25741509197691015, 0.8530454269828799, 0.8121424919047959, 0.8648009096447001, 0.9472173147364473, 0.8443726200208707, 0.4908885698402785, 0.5144963845471937, 0.34969055055072257, 0.44157909022866665, 0.6197398552553616, 0.7823755012319632, 0.6832720174127483, 0.9111140405346387, 0.6342425312297083, 0.8962042515770904, 0.8983894466454603, 0.9548663913504926, 0.7649946751228719, 0.9057637711755163, 0.4031597106310084, 0.7954227077040373, 0.7752807390152728, 0.5470149780035085, 0.2916037399491806, 0.8887257468435584, 0.5118722154977102, 0.4837035335362213, 0.9372946726469831, 0.5432185184426296, 0.6979943436284028, 0.5927699563277469, 0.9400203307237248, 0.24212756433815877, 0.5490963847776943, 0.9630832270747642, 0.9996480703357551, 0.7075823523517841, 0.883705425495751, 0.6240162367422536, 0.43479809240770895, 0.39287742482307253, 0.938957826062717, 0.8555579908093187, 0.5858733612944265, 0.5299335535066877, 0.2365977561669085, 0.5837730219329003, 0.8297527496758451, 0.8770264552568641, 0.6755041037157757, 0.18572458737963726, 0.5970339725113456, 0.6956478457305678, 0.8601228905422869, 0.7069499952748333, 0.8830666020253612, 0.9308898589455054, 0.8794553984887999, 0.7891136813024121, 0.8737402539327306, 0.6345832927613835, 0.9790692743412841, 0.9153036014049034, 0.7795483451089936, 0.4413576033974753, 0.8831638076456737, 0.9147979041831753, 0.33788481764305967, 0.4824545632141399, 0.6101199365782511, 0.6926434115707815, 0.3907212952454763, 0.47785859414248544, 0.50771459860873, 0.1597641054435202, 0.4953488880046951, 0.8666755283085212, 0.23189550357564773, 0.3677330923223683, 0.5080150386092895, 0.933207289550802, 0.4650415595078111, 0.9445467354209406, 0.9794275128372856, 0.3737386754916529, 0.9137375163178467, 0.4193559825146869, 0.3479509132548411, 0.9129293016444084, 0.13625589958233317, 0.515949260747016, 0.6966572452054777, 0.2538771556543909, 0.18079572189214285, 0.37499766310356436, 0.3815266408160538, 0.5468417941638464, 0.6756827995452125, 0.8390324485394055, 0.8478516436136938, 0.30288848285177994, 0.4627959214477531, 0.8524945592057204, 0.8938938343344381, 0.8929333145427879, 0.9271773519181302, 0.7664589271170219, 0.44123252152665154, 0.9341200115754857, 0.8962615534761298, 0.18593931717101872, 0.8414338279550162, 0.9581808154864159, 0.7138618571124415, 0.7020997876325482, 0.7190181040170757, 0.5082841715263383, 0.9615793668527199, 0.6990003637058401, 0.7204740803163194, 0.7109156165066213, 0.9461485786364214, 0.9618371733759801, 0.5634557646532349, 0.31059704350474104, 0.9506664404573522, 0.9188196738356349, 0.8775959065256469, 0.9462396494396416, 0.1879177204701183, 0.19053391528878968, 0.3976845823390854, 0.25708564229617425, 0.3112332809909309, 0.24267650405711652, 0.16133659345010276, 0.19381957029358016, 0.22288091660020595, 0.29452771718322496, 0.42522569471003735, 0.1706542737190102, 0.35404215782352105, 0.4783325045808551, 0.5511541010446058, 0.8197909481535925, 0.42878604389773295, 0.6560291590751965, 0.45306698062451967, 0.12781606757472058, 0.2298179825875911, 0.5659186370064782, 0.28013247160705357, 0.22449490382155174, 0.1964754763412049, 0.23029593696873507, 0.3430389457182915, 0.49276170057223495, 0.5483454344275944, 0.5961973009575529, 0.44410771553086187, 0.13641677430527774, 0.30723426140708765, 0.14469121111518787, 0.13321813175652802, 0.4791080371694597, 0.2914969347011752, 0.2398390269965585, 0.22107704220084962, 0.19959630847581497, 0.2770997585164365, 0.14119938025025439, 0.24788126906667135, 0.19180188455157296, 0.579119000707353, 0.5735871804163113, 0.6253562712018761, 0.3487513876807344, 0.2363485809546472, 0.1828777271161934, 0.42468599069571866, 0.3015782554805165, 0.5147657775389322, 0.17595154283065934, 0.10139512964514408, 0.2441433319379063, 0.29957551446880615, 0.21704330921652912, 0.30519955423195516, 0.3188386107285628, 0.14125221045531208, 0.33514595099864913, 0.21574854566761734, 0.13763797362882144, 0.1412678552697571, 0.16437045594512212, 0.611767247047458, 0.2883012267258111, 0.4767740559117075, 0.10903907758823869, 0.42576839740155187, 0.2291015007522116, 0.4074609743479325, 0.2635710291844663, 0.3105862327738446, 0.3675373718387881, 0.47634704345624557, 0.42425037867608373, 0.07952568151835801, 0.5319769973034809, 0.21236973439732212, 0.11697224148262007, 0.23993712940939846, 0.11055346296365076, 0.41344545335178273, 0.21395490485956434, 0.27280173167236993, 0.19181807960848257, 0.19522476545987946, 0.4655158058093459, 0.7204711107197308]
predictedValues [0.3134449142307758, 0.12456908453818966, 0.4410962313398791, 0.4573031906262832, 0.18226317791166896, 0.17672059745387367, 0.29989653364266616, 0.15169770521298329, 0.26129887798876017, 0.07584436956877288, 0.17011137439069016, 0.09260013954648175, 0.2834550110422198, 0.26545061179025536, 0.39180459276593127, 0.21961725814828933, 0.43819202888037956, 0.11933160806614317, 0.1587278927115852, 0.15013976265944354, 0.2678067076235356, 0.36416941344839165, 0.466824518998887, 0.1728863111887105, 0.132674484666145, 0.32970191461609966, 0.06379530894218194, 0.21481116882684664, 0.17274140356734863, 0.4691220060420051, 0.2720193913019678, 0.14567853284385066, 0.193311197988618, 0.18768433931640519, 0.44550358013722646, 0.08665740085624866, 0.14988646023645705, 0.16562939932952597, 0.42006416669037944, 0.26882797697199146, 0.07550112447046185, 0.17021866228379082, 0.30214756678021837, 0.5035244705115427, 0.3733930849815433, 0.3012243256629074, 0.2596855339190055, 0.1446488514302835, 0.17710565517221058, 0.14949206887155644, 0.2951832310352461, 0.5222892572448901, 0.3478630148341222, 0.10840058018773177, 0.1509894946542426, 0.16704305699915725, 0.14640909317331066, 0.21739106991029417, 0.21206460309118752, 0.2619883963830036, 0.9014371953658724, 0.9600367284243984, 0.37552511158417473, 0.7259229738027811, 0.770994074712656, 0.8237695625259557, 0.7360559723598872, 0.7331083972346529, 0.5240482843604496, 0.3278138259596575, 0.6483133498628333, 0.9345790649124998, 0.9056849475325929, 0.4620523661579558, 0.8884821471581136, 0.9614812626308037, 0.9640665728301515, 0.4221806402194849, 0.5926601707838226, 0.2702146942245988, 0.8454584686880764, 0.8024500342272888, 0.8527404926815799, 0.9349103739167081, 0.8352593208036622, 0.46911969602734305, 0.5114585604536334, 0.3552574941553674, 0.44152251542227827, 0.6134227334343624, 0.7705914115940099, 0.6730123777467972, 0.8986757376560846, 0.6291361876551895, 0.8824736598244566, 0.8936600870327543, 0.9453849869410386, 0.7521242625726586, 0.8929099538907996, 0.4104625464407828, 0.7843649386812426, 0.7615281104097948, 0.5465973945682706, 0.30284571877455074, 0.8813873399317977, 0.5114307480132623, 0.4951665625410326, 0.9272135626982475, 0.5405331250504357, 0.683805516918947, 0.5884099643412495, 0.9303534011941076, 0.25074801743960273, 0.560079267370273, 0.9556105124739, 0.999559996292599, 0.698410430087482, 0.874757590356874, 0.6089522922940394, 0.441889538897027, 0.4016050984662354, 0.9291700816031533, 0.8524494585314869, 0.5854783806706219, 0.5330834491745033, 0.2558952774195631, 0.584873080285818, 0.8164893672801699, 0.8688688625575202, 0.6680359249226753, 0.20532759402642223, 0.5852350626556451, 0.6897928112462962, 0.8463722346784892, 0.6915666024880288, 0.875959157873331, 0.9222935289558885, 0.8697996352328381, 0.7815235044866319, 0.8597966957688299, 0.6282501241632497, 0.9753015494291892, 0.9035081127410424, 0.7769347120803155, 0.44948158333632593, 0.8754302007212468, 0.9055376018817771, 0.34347371744940364, 0.4880331420458005, 0.6144752228178352, 0.691057718692583, 0.3912017617629859, 0.48126978971145423, 0.5066754095683874, 0.17739260249536654, 0.5105109178415005, 0.8554477028326287, 0.24808678799188133, 0.3804181055350489, 0.5159004131243757, 0.9242971354353067, 0.47379259483826686, 0.9406568941121211, 0.9753752271562737, 0.37647994745786767, 0.9013882053561201, 0.4252297179080259, 0.3714592222006977, 0.9049737670054071, 0.15301078617508806, 0.5142306626609372, 0.6821112195457563, 0.2743060701641227, 0.20439507577697114, 0.3920413884879116, 0.39846363951241415, 0.5488283804777807, 0.677002120158019, 0.8267957240422007, 0.840730585366384, 0.29991416255887793, 0.4753505736230285, 0.8439131333526259, 0.884198847388524, 0.8766154540809017, 0.9157864851520832, 0.762378462000083, 0.44344012866502874, 0.9253595909951923, 0.8857984669363841, 0.2104277674100613, 0.8381700115649569, 0.9514195094001818, 0.6965154887322607, 0.688354786520314, 0.7029769224549877, 0.5224631812390782, 0.9554776339616181, 0.6856558907845639, 0.7057256838687531, 0.6951560671475672, 0.9365067133056377, 0.9558466529109296, 0.5616363515424247, 0.32750932020050594, 0.9438278789747983, 0.9152426379372268, 0.8639821683160235, 0.9366933196223864, 0.21125703797950424, 0.20260689521126599, 0.39702121325254597, 0.2618571291735994, 0.31462667345670897, 0.2472917122216267, 0.16854045072410542, 0.20353125191360102, 0.22825934209125992, 0.29907687247352177, 0.43360220919099746, 0.1867362037898519, 0.34976853431868005, 0.47895652525319865, 0.5458676786713106, 0.803470584494846, 0.42079808440262034, 0.6305412370612191, 0.45182042250579657, 0.13918873013380345, 0.23325042853487676, 0.553419074707232, 0.2886161282009848, 0.23257844291300006, 0.20143983190415748, 0.23670352548507442, 0.3487457979973924, 0.48313763340829974, 0.5314871274744627, 0.5797786243129148, 0.4344270727274504, 0.1478588497566881, 0.31345132785042956, 0.153007993300977, 0.14310053033722347, 0.48188133667750194, 0.29457334462585083, 0.2519168292207839, 0.23271649238517278, 0.2093941562448035, 0.2868839151558132, 0.14694459740186375, 0.24690068850138727, 0.19593986688724183, 0.5703718445681412, 0.5649025623930107, 0.6122751113393198, 0.3500795665200879, 0.23523102409859528, 0.19182755673884513, 0.4237530861573563, 0.3059040990708437, 0.5106752557385873, 0.18649852281380866, 0.11055900535884025, 0.25222871531059615, 0.2999130392150621, 0.22590703220336858, 0.30817941274698585, 0.32776564819917076, 0.1547939388790319, 0.3334197929472583, 0.22845119685328444, 0.14933070357572958, 0.1491138765142136, 0.17529057310648455, 0.5907100952593657, 0.29191666974685376, 0.4651549887894899, 0.11805262749529424, 0.41953560805140344, 0.23991587056044383, 0.4089615809732919, 0.2739751685191306, 0.3132410349847395, 0.36928066088558226, 0.4717483283809623, 0.42290507513700343, 0.08981171753968195, 0.5266784111645137, 0.21976165411929213, 0.1288889774941483, 0.25214221907756923, 0.11971735701950294, 0.40517170558395704, 0.22048532836636708, 0.27475787491457787, 0.2004982096944236, 0.20970148332021488, 0.4599319800391004, 0.7086128350481893]
predictedValues [0.3299451452928217, 0.138172110795866, 0.44513662059928316, 0.46694300921655374, 0.19729431599103786, 0.18662238390577168, 0.30765313914121317, 0.1626436083259827, 0.2702272013378028, 0.0907605671642396, 0.18379225577002997, 0.10577340012314103, 0.2947138194988707, 0.2806587158772315, 0.3983347178194359, 0.22928347477986846, 0.43948584990865536, 0.1282879559961906, 0.17055383622349382, 0.16295609975187886, 0.2722019165011473, 0.3671935671810739, 0.47457990500430264, 0.1845999749718266, 0.14824800940939878, 0.3390983513056909, 0.07303615821101647, 0.23090682684850697, 0.1901893049486124, 0.4696624740968053, 0.28498169071331086, 0.16328159355480418, 0.20759901552668805, 0.19809921544254486, 0.4498923584658088, 0.09898112320416216, 0.15865632326766033, 0.1754732417429861, 0.42342743031433155, 0.28022852669034354, 0.08830101356019128, 0.18230662242486784, 0.3107946595512942, 0.49927160567388307, 0.37620499639218824, 0.3110291552213665, 0.2735127198062135, 0.15898609918714807, 0.1898892743962492, 0.16408956267874913, 0.30642992986740586, 0.5319186654897452, 0.3558227921546769, 0.12310006063856573, 0.16403968405599395, 0.18549595159112656, 0.15981216789537347, 0.22978952593468283, 0.2229225740712282, 0.27085987538618517, 0.88657848012891, 0.9529472063168866, 0.3744745832556676, 0.7131182305725778, 0.7500919896306503, 0.8138480997984082, 0.7220296369597454, 0.7339827941931449, 0.5178192407226742, 0.3380168944982112, 0.6380932866155081, 0.9264943400797033, 0.8960363814795201, 0.4662024601393494, 0.8721013538242834, 0.956158779397301, 0.9577853130830285, 0.43702756549693245, 0.5895737019128263, 0.28238929166486826, 0.8384976780667214, 0.7932930070234766, 0.8408077361496749, 0.9208490502329717, 0.826530020600816, 0.447135089490901, 0.5085495713650159, 0.36003150350656565, 0.44106998072504155, 0.6074878492006613, 0.7594253883588384, 0.6634377811080012, 0.8857783460909714, 0.6246766175206498, 0.8684320275809633, 0.8891765513624448, 0.9349553491761846, 0.7400574519419999, 0.8796574451046352, 0.41733922847270394, 0.7740490602827296, 0.748379970851979, 0.5467260195408477, 0.3136245027178254, 0.8744570806285072, 0.5110331210951656, 0.5067791022762307, 0.9164527466455414, 0.5382868329595664, 0.6701596917705435, 0.5845405642560648, 0.9201294530473527, 0.25892997076287405, 0.5712123445139413, 0.9473452534814462, 0.9994650365308356, 0.6899858909512592, 0.8660607642822985, 0.5940540610927887, 0.44868057924400784, 0.40980292402478036, 0.9188507591974255, 0.8499821508964593, 0.5855340014019289, 0.5363959543308577, 0.27535481955128566, 0.5864905398241699, 0.8036135127474028, 0.8613500662747118, 0.6613052415403854, 0.2252923710258113, 0.5740104060695778, 0.6845292200698443, 0.832706482121153, 0.6764441637821142, 0.8694070927685967, 0.913603787752861, 0.8605539108590435, 0.7748010328516322, 0.845942555120408, 0.6227831046550698, 0.9712556324371281, 0.8914552268586473, 0.7749389966874053, 0.45752974799370344, 0.868267099765472, 0.8963422335333561, 0.3487797254228313, 0.49371577467655003, 0.6192995180672903, 0.6904559401330195, 0.3912892922246276, 0.4846463643357355, 0.5057608102657242, 0.19538596424843377, 0.5260233573742933, 0.8444891109095545, 0.26402310986877714, 0.39286834818233546, 0.5241260233758194, 0.9152062482133608, 0.4826745118822111, 0.9372662000547614, 0.9710393086884854, 0.37868181535374934, 0.8885363937991575, 0.43095050806170604, 0.39549279453263697, 0.8975181665038261, 0.17036308507048625, 0.5127929980933135, 0.6685704028452748, 0.2948720566298587, 0.22928757698502342, 0.40869864018221713, 0.4152083832911419, 0.5513227782184904, 0.6792809614994665, 0.8148825275745774, 0.8340555392284223, 0.29578529127577746, 0.48811617541585783, 0.8360263755679971, 0.8746323965058235, 0.8594959503857685, 0.9038675287791244, 0.7594704034903157, 0.44570316496193213, 0.9163902607611704, 0.8754476243964836, 0.23607696719554774, 0.8357734653240492, 0.9441753122000399, 0.6797877591086338, 0.6753003849377661, 0.6877900619901582, 0.5368417349186921, 0.9490490282457376, 0.6730421775589744, 0.6915854204833092, 0.6797457613754099, 0.9260191646538882, 0.9495435796305642, 0.560554201440286, 0.34415239160954997, 0.9367875240259135, 0.9122697372659393, 0.850180512015081, 0.9264999575186976, 0.23542464120920753, 0.21398866254446408, 0.39595370987569445, 0.26580227353760083, 0.31725686482172544, 0.25104890260409957, 0.17477999261258198, 0.21263042961201226, 0.23276208421978345, 0.3027777770372871, 0.4417867426131822, 0.20271353584144833, 0.34518554524349243, 0.47958836352771594, 0.5413110959059805, 0.7876832405578942, 0.412844452074686, 0.6051100331746662, 0.4504873672863878, 0.1502466845739983, 0.23570402638844998, 0.5413380564060893, 0.2964338443081909, 0.23980581563115475, 0.20539339809186785, 0.24213183252053144, 0.3540035742477049, 0.4738179152781371, 0.5149476437389626, 0.5638368117464816, 0.42447627077618405, 0.1590362436665093, 0.31885713345672045, 0.16060907229605248, 0.15253518274925354, 0.48455670082931823, 0.29698116852526246, 0.26333745346797427, 0.24365465599662978, 0.21853510820967562, 0.2958876968303554, 0.15187484044043367, 0.2451093894025586, 0.19944149437510084, 0.5620824445607829, 0.5568614369612089, 0.5997014622345216, 0.35091700444762997, 0.2334373446373414, 0.20001530545882082, 0.422694720506257, 0.30957687508221415, 0.5070890287348682, 0.19631277001019387, 0.11939029240960526, 0.25979626445861226, 0.29943473082032646, 0.23407227427059568, 0.3105443461780143, 0.336148517647681, 0.1680736604779876, 0.33125089880373076, 0.24054235917446437, 0.16075823340982862, 0.15633445660396483, 0.1856424910521463, 0.5698980613773953, 0.2946636393750221, 0.45365541274068866, 0.12676456657267288, 0.41287157578205297, 0.25006160409694406, 0.41023924993470506, 0.28380186467595003, 0.31523017744232057, 0.3705738179720949, 0.4672018633720923, 0.42134801447645975, 0.10026981302234235, 0.5219829593574826, 0.2262333483456224, 0.1406066890129189, 0.2637565046161665, 0.12848658850207223, 0.3966417722518347, 0.2261753802014735, 0.27595470280256434, 0.2083112232149657, 0.22376682352870736, 0.45414295102674795, 0.6975289595385388]
predictedValues [0.346111785372873, 0.1517883981538504, 0.44913098855340455, 0.47643519901242976, 0.21209541589006292, 0.19571868374997456, 0.31467530449439163, 0.173128792887144, 0.27833181341325625, 0.10723338276140192, 0.19721184170816888, 0.11930202401713723, 0.30522754914076183, 0.29531367747526827, 0.40437549454663446, 0.23815980898733538, 0.440708149207064, 0.13672357629165496, 0.18185635464789804, 0.17545919055044135, 0.27565318419549856, 0.3696031683447533, 0.48220374411021033, 0.19578657350755366, 0.16395503437274622, 0.34771095854172096, 0.08248387119583714, 0.24669488502458406, 0.2076023312155685, 0.4701792900373263, 0.2973633021141032, 0.18135444112650043, 0.221389767026704, 0.20780222894023953, 0.45389575817609346, 0.11170695274075589, 0.16669124004026822, 0.1844364195544412, 0.42631149442225436, 0.2909313150394259, 0.10190498178360478, 0.19393879401472996, 0.318654326375695, 0.49508389307805306, 0.3787396689586169, 0.320150001123893, 0.28665527242851346, 0.17322731386380366, 0.20213832117152453, 0.17848238720968335, 0.3169793963526863, 0.5412738229249399, 0.36289669833604743, 0.13822697675193457, 0.1767914389322761, 0.20429505051195498, 0.17303076614712518, 0.24158830815797266, 0.23299721428757325, 0.2789033153331624, 0.8708652585664818, 0.94537516316075, 0.3728438484653798, 0.701063755923997, 0.729398299481583, 0.8045230387239414, 0.708643526450829, 0.7356983547554103, 0.5119671513907336, 0.34793052793011037, 0.6284724125027137, 0.9182168775083729, 0.8864279901788059, 0.4699560413986866, 0.8549313652870526, 0.9506204115341872, 0.9510515238775156, 0.4516613625435241, 0.5869919312453727, 0.2938737647799245, 0.8322274184047826, 0.7847396879918425, 0.8291411422758556, 0.9050926923525934, 0.8182680850827435, 0.42514321686108164, 0.5057716579352795, 0.36404696941550296, 0.44025398289299394, 0.6019356132841621, 0.748949184833357, 0.654565024218388, 0.872614871015469, 0.6208513912337275, 0.854296190771362, 0.8849959984599459, 0.9237201869694441, 0.7288697612955356, 0.8662143442689149, 0.4237845412397503, 0.7645433210679579, 0.7359289619905197, 0.5473463799548427, 0.32389472456401525, 0.8680213534324136, 0.5106775602959822, 0.5184654823068001, 0.9051530389594714, 0.5364487536446605, 0.6571195806504893, 0.581143966082692, 0.9095064241513111, 0.26663532521262945, 0.5824226674978407, 0.938375043570384, 0.9993669227640763, 0.6823200826589969, 0.8577191723835412, 0.5793953855497307, 0.45516051363696275, 0.41746817687918836, 0.9081654813229394, 0.848160396502771, 0.5860048574198343, 0.539831609279287, 0.29480567201228697, 0.5885751357939454, 0.7912595867844014, 0.8545601262717455, 0.6552964262718395, 0.24539086691728992, 0.5633678544531677, 0.6798558670331188, 0.8193006201491718, 0.6616875216585024, 0.8634905859024411, 0.9049735148047664, 0.8518431769229319, 0.7689715573673421, 0.8323902554143287, 0.6181468340764502, 0.9669988275907848, 0.8793619675190699, 0.7735583948147454, 0.4654689109619365, 0.8617661609535651, 0.8873640761065849, 0.3537802373552974, 0.4994611207063055, 0.6245239473327387, 0.6907633590899719, 0.3910111126406515, 0.48797176673591086, 0.5049671625328743, 0.2135331606755453, 0.541759259394819, 0.833936158927204, 0.2795762064977778, 0.4050251118194389, 0.5326221658593336, 0.9060944210594488, 0.4916245198990103, 0.9344358424683564, 0.9665116799602599, 0.38036718086521387, 0.8753749924670572, 0.43649875309297537, 0.4198274905725514, 0.8907013165406549, 0.1881026830967071, 0.5116132065206552, 0.6560725266274275, 0.3153903159219385, 0.2551978761432739, 0.42489050829965685, 0.4316719445939343, 0.5542679028642523, 0.6824207153018231, 0.8034169161893562, 0.8278915058898375, 0.29063850033525146, 0.501005996150688, 0.82891712741844, 0.8653307060996058, 0.8418302298488264, 0.8916182011463675, 0.7576839263403223, 0.4479958356258665, 0.907365601601027, 0.8653638784267372, 0.2625779013086665, 0.834226612812773, 0.9365412079794058, 0.6637816496771854, 0.662988502645842, 0.6735388644955974, 0.5513197794644108, 0.9424082684768259, 0.6612000877060156, 0.6781248766503297, 0.6647823825382826, 0.9148082363689409, 0.943036361607588, 0.5601406048847402, 0.36042399753784293, 0.92967185911375, 0.909931337830484, 0.8363755636990471, 0.9158256560014371, 0.2601214142621301, 0.22458446215927438, 0.394514376553969, 0.2689407994200716, 0.3191596622707784, 0.2539670688673959, 0.18002372597801858, 0.22104811882299663, 0.23640150984914277, 0.3056577485854273, 0.4497520331915501, 0.21840061024539492, 0.3403261529233198, 0.4802254671763582, 0.5374369124666118, 0.7726220478957639, 0.4049436721677028, 0.5799560430782471, 0.44907296167824345, 0.1608398846066199, 0.23721723333883468, 0.5297014194461973, 0.30356520170710966, 0.24615824008706377, 0.2083511357728474, 0.24659222418209537, 0.3588012353665374, 0.4648097781823502, 0.498793413753265, 0.5484225136417405, 0.4143277847898499, 0.1698126487802207, 0.3234668348298244, 0.16741876270666983, 0.16141144388811016, 0.4871313425173293, 0.29874507277607065, 0.2740368903466762, 0.25381914055455457, 0.22695642892083068, 0.3040900889522966, 0.15595928819913704, 0.2425781900899548, 0.2023013472293656, 0.5542560432773411, 0.5494410205547057, 0.5876669663653975, 0.35128458009676855, 0.23101528206996408, 0.2073862625003633, 0.42151103294585096, 0.31260808008994595, 0.5039600120396981, 0.20530756602656786, 0.12775172496496157, 0.26680846849332307, 0.29819889369013525, 0.24149886402073661, 0.31231214657667483, 0.34396562945867803, 0.18091232847148198, 0.3286740126887095, 0.25193677823415245, 0.17178109211513626, 0.16286108782056247, 0.1953218630368505, 0.5494550058894666, 0.2965762873130769, 0.4423075929008493, 0.13505354837825317, 0.40585040160598485, 0.25947972062397606, 0.4112897825953228, 0.29300589639936025, 0.31658372023848047, 0.37143176538574196, 0.46270747639980236, 0.4195913116360658, 0.11072116909027169, 0.5178433794216173, 0.23176991227246324, 0.15194780795649657, 0.27470877584211756, 0.13673590910329378, 0.38791907678771265, 0.23101443367118044, 0.2764296952107065, 0.21521637292116808, 0.23728789229977473, 0.4481798756049164, 0.6872518792635707]
predictedValues [0.3618470413945073, 0.16523093028074878, 0.45305072993703754, 0.4857376249686473, 0.22651500002629874, 0.20394718063586523, 0.3209660616426209, 0.18304438693315708, 0.2856084116836939, 0.1251068193972879, 0.2102314520528273, 0.13296310079045703, 0.3149722075461521, 0.3093281115839, 0.4099367348082846, 0.24621236024268317, 0.44184866253540744, 0.14453748171661765, 0.19252146486892605, 0.18750668071091553, 0.2782075221174197, 0.37143417685997054, 0.4896711429118825, 0.20634447101189066, 0.17957875091838849, 0.3555467406647205, 0.09196185847588838, 0.26204387602295315, 0.22477458755448704, 0.4706631038473568, 0.30910743649087724, 0.1996692395214012, 0.23455883639323669, 0.21673163578331942, 0.4575339512311458, 0.12463544809124151, 0.17392750740447763, 0.19245278742350555, 0.4287491914195355, 0.3008982868886566, 0.11610963104002926, 0.20500330716345566, 0.32572831873463803, 0.4909687390485337, 0.3809989397817374, 0.32857666467201796, 0.29904914298565616, 0.18719664297555638, 0.21374135106410663, 0.19248915019454296, 0.32680309172299504, 0.55033567795218, 0.3691211012576035, 0.15356180617457213, 0.18910049832197914, 0.22321850605235613, 0.18590730144413245, 0.25271128356972494, 0.2422378616322268, 0.2861116346561395, 0.8545006273586637, 0.9374416943222162, 0.3706978201368167, 0.6897995007013163, 0.7091259630366881, 0.7958629690233497, 0.6959605332185105, 0.7381708214099001, 0.5064687989478317, 0.3575052972365267, 0.6194543959633144, 0.90986725335299, 0.8769942015932368, 0.4733390910889894, 0.8372119357210526, 0.9449543167603559, 0.9439635486820828, 0.46601273645275026, 0.5848825493090931, 0.3046253536397309, 0.8266883725590733, 0.7768387094033046, 0.8178604083208706, 0.8877717869848606, 0.8105405668252704, 0.40335061870702543, 0.503125571447057, 0.36734976522730234, 0.43911057153825755, 0.5967609496151303, 0.7392099618938103, 0.6463955023242892, 0.8593776404619087, 0.6176389826945715, 0.840269514961026, 0.8811687628235334, 0.9118551057767574, 0.718604969187167, 0.8527851242293452, 0.4297996846869593, 0.755886656593584, 0.72423917338977, 0.5483997925835921, 0.3336238167152053, 0.8621471359454456, 0.5103616232124685, 0.5301500123441591, 0.8934735371876307, 0.5349843105392449, 0.6447294891636826, 0.5781967205238243, 0.8986538246212528, 0.27383742676274003, 0.5936373799853029, 0.9288177255475267, 0.9992699184558139, 0.6754077808058448, 0.8498204185906195, 0.5650434362932006, 0.4613230352509834, 0.4246068320357167, 0.8972895570742117, 0.8469726424623295, 0.5868516239800762, 0.5433508040249666, 0.3140869677159754, 0.5910720572156846, 0.7795340114815472, 0.8485568779032829, 0.6499810709419749, 0.2654055342371498, 0.553304432452706, 0.6757616197252929, 0.80630701167538, 0.6473892715232276, 0.8582650433215963, 0.8965465856272258, 0.8437656245038466, 0.7640362328933613, 0.8193226320187573, 0.614293378184806, 0.962609263035163, 0.8674337272377783, 0.7727790320515397, 0.47326781168469817, 0.8559907255029798, 0.8787388449799488, 0.35845778457762917, 0.5052280667125044, 0.6300763991017251, 0.6918924511998522, 0.39039857111435305, 0.49123046719612073, 0.5042895559203509, 0.23163273322518194, 0.5575885951385309, 0.8239028919429505, 0.2946382633288058, 0.4168367807361837, 0.5413166654617854, 0.8971148614952947, 0.5005801082294798, 0.9321973021802419, 0.9618934302995544, 0.3815655321642381, 0.8620989608859284, 0.44185758275951764, 0.444230101117178, 0.8846244590507775, 0.20601721766221764, 0.510666045933413, 0.6446224032149639, 0.3356871391126065, 0.28181983379365283, 0.4405519082605535, 0.44777424970461954, 0.5576027815745189, 0.6863126687074101, 0.7925001346934651, 0.8222888950552271, 0.28462343124528, 0.5139319669500861, 0.8226384518676922, 0.8564156352787301, 0.8238804357994076, 0.879239782010643, 0.7569439562045234, 0.45029290650440246, 0.8984356840125638, 0.8556831250885534, 0.28960378201266734, 0.8334900389624917, 0.9286260629991544, 0.6485703337518484, 0.6514487208506532, 0.660269331158553, 0.5657966639469719, 0.9356809877736664, 0.6501481798433951, 0.6653918713529963, 0.6503473542198281, 0.9030256725519951, 0.9364423039736235, 0.5603207184722981, 0.3762360652249029, 0.922608190060736, 0.9082333535437884, 0.8227412070946792, 0.9048524473574686, 0.28504700965874763, 0.23433263072011265, 0.39273925557392547, 0.2713077807188904, 0.32038157217090885, 0.25608189074888216, 0.18427476528266656, 0.22873716086658236, 0.23920936981470112, 0.3077579703694233, 0.45747405397358465, 0.23363733864949893, 0.3352267838000984, 0.4808652978599952, 0.5341900823742067, 0.7584311977637056, 0.39711424949745067, 0.5552792154574676, 0.4475832566283493, 0.17084580942535596, 0.23784742974786036, 0.5185265693312483, 0.3100045744049334, 0.2516401539059654, 0.21035318676962833, 0.2501192689049726, 0.3631347407399094, 0.45611659307517677, 0.48308164133279224, 0.5335727946864638, 0.4040557436986927, 0.18007404510771224, 0.32730976560022673, 0.17339209476912973, 0.16964516397631965, 0.48960331085491743, 0.2998995198245016, 0.28397480069022335, 0.2631639650837781, 0.2346184353497604, 0.31148944275897056, 0.15919499836168885, 0.23938867834112473, 0.20452787498343292, 0.5468907464990099, 0.5426097069154945, 0.5761912493144762, 0.3512091846384747, 0.22802237033226047, 0.21391307008701102, 0.4202038975928941, 0.31501946758523774, 0.5012374041661508, 0.2134285618402941, 0.13553265304141424, 0.2732403129838627, 0.2962742717787542, 0.24816720128577352, 0.3135094860806833, 0.3512064372339132, 0.1931625091676473, 0.3257286686922147, 0.26257622379601586, 0.18228307369688085, 0.1686509987204776, 0.20425298339823228, 0.5294902013862569, 0.2977025797729803, 0.43114193642905696, 0.14281924235675023, 0.3985490048449498, 0.2681335545293001, 0.412112035838652, 0.3015579988081343, 0.3173407237653873, 0.3718748943845516, 0.4582649767405979, 0.41764938663270146, 0.12099680859444306, 0.5142070484894308, 0.2363816228157813, 0.16276263013968126, 0.2849494176474456, 0.14436703100616088, 0.37906869782634617, 0.23501287746282898, 0.27623159114541207, 0.2212021095347363, 0.2501597698897794, 0.4420758794392547, 0.6777909581157138]
predictedValues [0.3770685132262256, 0.1783348186585304, 0.45686918639947993, 0.49481206676126477, 0.24042571710834484, 0.21127812261155746, 0.3265421309952305, 0.19230786616754472, 0.29207214117757263, 0.14417256046833518, 0.22273542402352273, 0.14654662572255017, 0.3239434188213914, 0.3226387557960193, 0.41503434096898856, 0.2534314818043317, 0.4428985108645004, 0.1516591580135281, 0.20246682494634377, 0.19898385173032354, 0.2799269523408551, 0.37272879814730453, 0.49695972246690917, 0.21619963623473867, 0.19492636430019508, 0.36262720916834185, 0.10130402561486272, 0.2768476119311539, 0.24152855660690603, 0.4711052803584388, 0.3201767629690828, 0.21800598476595687, 0.24701320096135673, 0.22485400705446046, 0.46083011832992776, 0.13757350462665155, 0.18033315209422415, 0.19949463154635966, 0.43077702727386463, 0.31011136255802996, 0.13069816499607795, 0.21541458249837625, 0.3320339123480344, 0.48693247693024133, 0.38298795942058705, 0.3363136488598431, 0.3106560449871845, 0.20074338571448172, 0.22461827358426315, 0.2059595932516578, 0.3358901547841107, 0.5590889560406946, 0.37454552429195737, 0.16889573606412905, 0.20085037928456023, 0.24205696710694558, 0.19830866244510803, 0.2631072486336586, 0.2506219002964939, 0.2924972323360801, 0.8377031246978467, 0.929280068592783, 0.3681051222059408, 0.6793415826160638, 0.6894508338660044, 0.7879120341635337, 0.6840190496311496, 0.7413075775829421, 0.5012980440910325, 0.36669952267580863, 0.6110316805763079, 0.9015635362833211, 0.8678548997217742, 0.47638060718760317, 0.8191901984306236, 0.9392538103737239, 0.9366328568666024, 0.4800201039774807, 0.5832087644276029, 0.3146225665719164, 0.8218981718250439, 0.769619175289733, 0.807062588582688, 0.8690804904458596, 0.8033968025563661, 0.38195243971451537, 0.500610611796154, 0.36999459501074505, 0.4376780976258153, 0.5919538567248386, 0.730231358988921, 0.6389169336884563, 0.8462468941822333, 0.6150101246811143, 0.8265308896719686, 0.8777363973784161, 0.8995543225569665, 0.7092775376938494, 0.8395586496918126, 0.435391766913276, 0.748090743694926, 0.7133471897375877, 0.5498254158544565, 0.34279188338005706, 0.8568806141464649, 0.5100822826144399, 0.5417596329905949, 0.8815814040320223, 0.5338565458287274, 0.633015967578662, 0.5756708424738064, 0.8877413520719805, 0.28052106403205573, 0.604786202972316, 0.9188134044306441, 0.9991783510613282, 0.669229311558485, 0.8424328932601798, 0.5510569588619987, 0.46716615315005633, 0.4312325637264694, 0.8863961743185753, 0.8463931108567154, 0.5880324366588399, 0.5469150581011728, 0.3330535727377467, 0.5939238592242644, 0.7685136146809611, 0.843366764212132, 0.6453203946969065, 0.285139172620894, 0.5438077945891763, 0.6722266048656467, 0.7938500197278435, 0.6336273301647571, 0.853760882219063, 0.8884499420661909, 0.8363905140720314, 0.7599747246038391, 0.8068857622739194, 0.6111651695547462, 0.9581705681531139, 0.8558520918742779, 0.7725770371536334, 0.48089803355513555, 0.8509756120871909, 0.8705794762523137, 0.362800450135941, 0.5109770664740626, 0.6358839967043706, 0.6937471131554535, 0.38948600020011814, 0.4944084238718863, 0.5037219993187247, 0.24950213282149386, 0.5733833895121127, 0.8144777384422427, 0.3091241095134865, 0.42826010896255984, 0.5501373421018148, 0.8884052492819821, 0.5094811875718986, 0.9305536613123736, 0.9572865471313222, 0.3823116453938101, 0.8488934235924113, 0.44701330055222227, 0.46846974066458463, 0.8793493344744869, 0.2239034761010933, 0.5099249848711441, 0.6341968394786773, 0.35560632402558523, 0.30883443141423494, 0.45563228384418913, 0.4634461137754881, 0.5612646113592157, 0.6908425171939374, 0.7822084914526474, 0.8172824474885163, 0.2778962486820493, 0.526807880379037, 0.817214433927724, 0.8479897113644629, 0.805898295900223, 0.8669236544897106, 0.7571569846148348, 0.45257052988966273, 0.8897382646007955, 0.8465168004961606, 0.31682927940292677, 0.8335063963936225, 0.9205480600362604, 0.6341984230896662, 0.6406901205567178, 0.6479955617901468, 0.5801748464802943, 0.9289954677967921, 0.6398850741708122, 0.653411789577329, 0.6365045155800361, 0.890842787898038, 0.9298799481622928, 0.5610163616352715, 0.39151648552013973, 0.915716833577562, 0.9071593940007068, 0.8094324378536164, 0.8937649586916591, 0.3099162777921741, 0.24320303311301644, 0.390666864113578, 0.272950889956904, 0.3209773240602023, 0.2574427856671433, 0.1875662067093704, 0.2356718607646341, 0.2412334742780103, 0.3091307851459414, 0.4649325747450582, 0.2482941569831019, 0.32992615256021635, 0.4815054149522997, 0.5315103376688427, 0.745205102594847, 0.3893742061135538, 0.5312525463888357, 0.44602502145022527, 0.1801727900667887, 0.23766681047167304, 0.5078228004582739, 0.3157598561041992, 0.25627626970762757, 0.21146034768822888, 0.25276660537944035, 0.36700677425975436, 0.44773816303634256, 0.467859368550481, 0.5193116945824721, 0.3937333917499074, 0.18973190596483444, 0.33042702972326576, 0.1785133985097982, 0.17717981957954093, 0.4919715002787576, 0.30048688625801684, 0.2931331679245387, 0.27166819816962107, 0.2415035489599567, 0.3181012094800067, 0.1616039703250243, 0.2356295029860083, 0.2061420284789622, 0.5399782035447205, 0.5363290765333797, 0.565282700230176, 0.35072261467050114, 0.22452344918285014, 0.21959362716544695, 0.41877687140768766, 0.3168415721532364, 0.4988685736103137, 0.2206522124820265, 0.14265232745658463, 0.27907915881839845, 0.29373700322253304, 0.25407675175372435, 0.31417048646585083, 0.3578707796602567, 0.2047124852318513, 0.32245779365856353, 0.27242848811149917, 0.1921744520201072, 0.17368630537160407, 0.21238892448836216, 0.5100959602614756, 0.2981014247380362, 0.42018629287473525, 0.14998540577162844, 0.3910445058248025, 0.27600761165634596, 0.4127079143020549, 0.3094442665185929, 0.3175473124579828, 0.3719282072762648, 0.45387424019596656, 0.4155384940606616, 0.13094703510343556, 0.511018122339289, 0.24010053665734152, 0.17293458152146446, 0.29444982878331266, 0.15131092932356624, 0.37015518810808473, 0.238199458351019, 0.2754178766362257, 0.22628289907789842, 0.26230679623690306, 0.4358650062550599, 0.6691351969527886]


Gradient 4.73392755068014
Coef [0.4626986342465754, 0.4822948835126789, 0.4617384255705684, 0.4655810441033288, 0.4527441669176605, 0.49526607244931986]
Gradient 3.6167993282009556
Coef [0.4275192451333854, 0.4658216205666868, 0.4255885772922188, 0.4329530711154664, 0.40606244933632046, 0.4916492731211189]

0.5 = 0.5 - 37.30136575342455 * 0.001
0.5 = 0.5 - 17.70511648732112 * 0.001
0.5 = 0.5 - 38.2615744294316 * 0.001
0.5 = 0.5 - 34.41895589667123 * 0.001
0.5 = 0.5 - 47.255833082339464 * 0.001
0.5 = 0.5 - 4.73392755068014 * 0.001
0.4626986342465754 = 0.4626986342465754 - 35.17938911319 * 0.001
0.4822948835126789 = 0.4822948835126789 - 16.47326294599212 * 0.001
0.4617384255705684 = 0.4617384255705684 - 36.14984827834961 * 0.001
0.4655810441033288 = 0.4655810441033288 - 32.62797298786243 * 0.001
0.4527441669176605 = 0.4527441669176605 - 46.68171758134006 * 0.001
0.49526607244931986 = 0.49526607244931986 - 3.6167993282009556 * 0.001